ExperimentDBN325
0, dbn_3lys_1250_250_100_100
anger:0.01,0.01,0.01,0.01,
contempt:0.00,0.00,0.00,0.00,
disgust:0.00,0.00,0.00,0.00,
fear:0.00,0.00,0.00,0.00,
happy:0.98,0.98,0.97,0.98,
sadness:0.01,0.01,0.02,0.01,
surprise:0.00,0.00,0.00,0.00,

1, dbn_3lys_1250_250_100_250
anger:0.01,0.01,0.01,0.01,
contempt:0.00,0.00,0.00,0.00,
disgust:0.00,0.00,0.00,0.00,
fear:0.00,0.00,0.00,0.00,
happy:0.98,0.97,0.99,0.97,
sadness:0.01,0.02,0.01,0.02,
surprise:0.00,0.00,0.00,0.00,

2, dbn_3lys_1250_250_100_500
anger:0.02,0.00,0.01,0.01,
contempt:0.00,0.00,0.00,0.00,
disgust:0.00,0.00,0.00,0.00,
fear:0.00,0.00,0.00,0.00,
happy:0.97,0.98,0.98,0.98,
sadness:0.02,0.01,0.01,0.01,
surprise:0.00,0.00,0.00,0.00,

3, dbn_3lys_1250_250_250_100
anger:0.02,0.02,0.02,0.02,
contempt:0.00,0.00,0.00,0.00,
disgust:0.00,0.00,0.00,0.00,
fear:0.00,0.00,0.00,0.00,
happy:0.96,0.96,0.95,0.96,
sadness:0.01,0.02,0.02,0.02,
surprise:0.00,0.00,0.00,0.00,

4, dbn_3lys_1250_250_250_250
anger:0.02,0.02,0.01,0.02,
contempt:0.00,0.00,0.00,0.00,
disgust:0.00,0.00,0.00,0.00,
fear:0.00,0.00,0.00,0.00,
happy:0.95,0.95,0.96,0.95,
sadness:0.03,0.03,0.02,0.03,
surprise:0.00,0.00,0.00,0.00,

5, dbn_3lys_1250_250_250_500
anger:0.02,0.02,0.02,0.02,
contempt:0.00,0.00,0.00,0.00,
disgust:0.00,0.00,0.00,0.00,
fear:0.00,0.00,0.00,0.00,
happy:0.95,0.97,0.95,0.96,
sadness:0.03,0.02,0.03,0.02,
surprise:0.00,0.00,0.00,0.00,

6, dbn_3lys_1250_250_500_100
anger:0.02,0.02,0.02,0.02,
contempt:0.00,0.00,0.00,0.00,
disgust:0.00,0.00,0.00,0.00,
fear:0.00,0.00,0.00,0.00,
happy:0.97,0.95,0.96,0.95,
sadness:0.02,0.03,0.03,0.02,
surprise:0.00,0.00,0.00,0.00,

7, dbn_3lys_1250_250_500_250
anger:0.03,0.03,0.02,0.03,
contempt:0.00,0.00,0.00,0.00,
disgust:0.00,0.00,0.00,0.00,
fear:0.00,0.00,0.00,0.00,
happy:0.95,0.95,0.94,0.94,
sadness:0.03,0.02,0.03,0.03,
surprise:0.00,0.00,0.00,0.00,

8, dbn_3lys_1250_250_500_500
anger:0.03,0.02,0.03,0.04,
contempt:0.00,0.00,0.00,0.00,
disgust:0.00,0.00,0.00,0.00,
fear:0.00,0.00,0.00,0.00,
happy:0.94,0.94,0.95,0.91,
sadness:0.03,0.04,0.02,0.04,
surprise:0.00,0.00,0.00,0.00,

0, dbn_3lys_1250_250_100_100
anger:0.01,0.02,0.03,0.01,
contempt:0.00,0.00,0.00,0.00,
disgust:0.00,0.00,0.00,0.00,
fear:0.00,0.00,0.00,0.00,
happy:0.99,0.97,0.96,0.98,
sadness:0.00,0.01,0.01,0.01,
surprise:0.00,0.00,0.00,0.00,

1, dbn_3lys_1250_250_100_250
anger:0.01,0.01,0.01,0.02,
contempt:0.00,0.00,0.00,0.00,
disgust:0.00,0.00,0.00,0.00,
fear:0.00,0.00,0.00,0.00,
happy:0.98,0.97,0.97,0.97,
sadness:0.01,0.01,0.02,0.01,
surprise:0.00,0.00,0.00,0.00,

2, dbn_3lys_1250_250_100_500
anger:0.02,0.01,0.02,0.02,
contempt:0.00,0.00,0.00,0.00,
disgust:0.00,0.00,0.00,0.00,
fear:0.00,0.00,0.00,0.00,
happy:0.97,0.98,0.96,0.97,
sadness:0.01,0.01,0.02,0.01,
surprise:0.00,0.00,0.00,0.00,

3, dbn_3lys_1250_250_250_100
anger:0.02,0.02,0.04,0.03,
contempt:0.00,0.00,0.00,0.00,
disgust:0.00,0.00,0.00,0.00,
fear:0.00,0.00,0.00,0.00,
happy:0.96,0.95,0.93,0.95,
sadness:0.01,0.03,0.03,0.02,
surprise:0.00,0.00,0.00,0.00,

4, dbn_3lys_1250_250_250_250
anger:0.04,0.05,0.03,0.04,
contempt:0.00,0.00,0.00,0.00,
disgust:0.00,0.00,0.00,0.00,
fear:0.00,0.00,0.00,0.00,
happy:0.93,0.92,0.94,0.93,
sadness:0.04,0.03,0.02,0.03,
surprise:0.00,0.00,0.00,0.00,

5, dbn_3lys_1250_250_250_500
anger:0.05,0.04,0.04,0.04,
contempt:0.00,0.00,0.00,0.00,
disgust:0.00,0.00,0.00,0.00,
fear:0.00,0.00,0.00,0.00,
happy:0.92,0.93,0.93,0.93,
sadness:0.03,0.03,0.03,0.03,
surprise:0.00,0.00,0.00,0.00,

6, dbn_3lys_1250_250_500_100
anger:0.03,0.03,0.03,0.03,
contempt:0.00,0.00,0.00,0.00,
disgust:0.00,0.00,0.00,0.00,
fear:0.00,0.00,0.00,0.00,
happy:0.94,0.95,0.94,0.92,
sadness:0.03,0.02,0.03,0.05,
surprise:0.00,0.00,0.00,0.00,

7, dbn_3lys_1250_250_500_250
anger:0.06,0.04,0.05,0.08,
contempt:0.00,0.00,0.00,0.00,
disgust:0.00,0.00,0.00,0.00,
fear:0.00,0.00,0.00,0.00,
happy:0.91,0.90,0.90,0.87,
sadness:0.03,0.06,0.05,0.05,
surprise:0.00,0.00,0.00,0.00,

8, dbn_3lys_1250_250_500_500
anger:0.09,0.05,0.04,0.06,
contempt:0.00,0.00,0.00,0.00,
disgust:0.00,0.00,0.00,0.00,
fear:0.00,0.00,0.00,0.00,
happy:0.86,0.92,0.91,0.88,
sadness:0.05,0.04,0.05,0.06,
surprise:0.00,0.00,0.00,0.00,

0, dbn_3lys_1250_250_100_100
anger:0.01,0.02,0.02,0.03,
contempt:0.00,0.00,0.00,0.00,
disgust:0.00,0.00,0.00,0.00,
fear:0.00,0.00,0.00,0.00,
happy:0.96,0.96,0.96,0.96,
sadness:0.02,0.02,0.02,0.02,
surprise:0.00,0.00,0.00,0.00,

1, dbn_3lys_1250_250_100_250
anger:0.03,0.01,0.03,0.02,
contempt:0.00,0.00,0.00,0.00,
disgust:0.00,0.00,0.00,0.00,
fear:0.00,0.00,0.00,0.00,
happy:0.95,0.97,0.96,0.96,
sadness:0.02,0.02,0.02,0.03,
surprise:0.00,0.00,0.00,0.00,

2, dbn_3lys_1250_250_100_500
anger:0.02,0.02,0.03,0.03,
contempt:0.00,0.00,0.00,0.00,
disgust:0.00,0.00,0.00,0.00,
fear:0.00,0.00,0.00,0.00,
happy:0.96,0.95,0.95,0.94,
sadness:0.03,0.03,0.02,0.03,
surprise:0.00,0.00,0.00,0.00,

3, dbn_3lys_1250_250_250_100
anger:0.01,0.03,0.04,0.03,
contempt:0.00,0.00,0.00,0.00,
disgust:0.00,0.00,0.00,0.00,
fear:0.00,0.00,0.00,0.00,
happy:0.97,0.94,0.92,0.94,
sadness:0.02,0.03,0.04,0.03,
surprise:0.00,0.00,0.00,0.00,

4, dbn_3lys_1250_250_250_250
anger:0.04,0.03,0.05,0.04,
contempt:0.00,0.00,0.00,0.00,
disgust:0.00,0.00,0.00,0.00,
fear:0.00,0.00,0.00,0.00,
happy:0.94,0.94,0.93,0.92,
sadness:0.02,0.03,0.02,0.05,
surprise:0.00,0.00,0.00,0.00,

5, dbn_3lys_1250_250_250_500
anger:0.04,0.03,0.05,0.05,
contempt:0.00,0.00,0.00,0.00,
disgust:0.00,0.00,0.00,0.00,
fear:0.00,0.00,0.00,0.00,
happy:0.93,0.92,0.90,0.91,
sadness:0.03,0.05,0.05,0.05,
surprise:0.00,0.00,0.00,0.00,

6, dbn_3lys_1250_250_500_100
anger:0.07,0.05,0.05,0.05,
contempt:0.00,0.00,0.00,0.00,
disgust:0.00,0.00,0.00,0.00,
fear:0.00,0.00,0.00,0.00,
happy:0.90,0.91,0.90,0.90,
sadness:0.03,0.04,0.05,0.05,
surprise:0.00,0.00,0.00,0.00,

7, dbn_3lys_1250_250_500_250
anger:0.08,0.10,0.07,0.10,
contempt:0.00,0.00,0.00,0.00,
disgust:0.00,0.00,0.00,0.00,
fear:0.00,0.00,0.00,0.00,
happy:0.89,0.85,0.86,0.85,
sadness:0.04,0.06,0.07,0.06,
surprise:0.00,0.00,0.00,0.00,

8, dbn_3lys_1250_250_500_500
anger:0.09,0.07,0.09,0.11,
contempt:0.00,0.00,0.00,0.00,
disgust:0.00,0.00,0.00,0.00,
fear:0.00,0.00,0.00,0.00,
happy:0.84,0.86,0.83,0.80,
sadness:0.07,0.07,0.08,0.09,
surprise:0.00,0.00,0.00,0.00,

0, dbn_3lys_1250_250_100_100
anger:0.04,0.05,0.05,0.04,
contempt:0.00,0.00,0.00,0.00,
disgust:0.00,0.00,0.00,0.00,
fear:0.00,0.00,0.00,0.00,
happy:0.92,0.93,0.92,0.94,
sadness:0.04,0.02,0.03,0.01,
surprise:0.00,0.00,0.00,0.00,

1, dbn_3lys_1250_250_100_250
anger:0.05,0.05,0.05,0.04,
contempt:0.00,0.00,0.00,0.00,
disgust:0.00,0.00,0.00,0.00,
fear:0.00,0.00,0.00,0.00,
happy:0.92,0.92,0.93,0.93,
sadness:0.03,0.02,0.02,0.03,
surprise:0.00,0.00,0.00,0.00,

2, dbn_3lys_1250_250_100_500
anger:0.06,0.05,0.06,0.06,
contempt:0.00,0.00,0.00,0.00,
disgust:0.00,0.00,0.00,0.00,
fear:0.00,0.00,0.00,0.00,
happy:0.90,0.92,0.91,0.91,
sadness:0.04,0.02,0.04,0.03,
surprise:0.00,0.00,0.00,0.00,

3, dbn_3lys_1250_250_250_100
anger:0.04,0.04,0.02,0.02,
contempt:0.00,0.00,0.00,0.00,
disgust:0.00,0.00,0.00,0.00,
fear:0.00,0.00,0.00,0.00,
happy:0.94,0.94,0.96,0.94,
sadness:0.02,0.03,0.02,0.04,
surprise:0.00,0.00,0.00,0.00,

4, dbn_3lys_1250_250_250_250
anger:0.07,0.06,0.06,0.07,
contempt:0.00,0.00,0.00,0.00,
disgust:0.00,0.00,0.00,0.00,
fear:0.00,0.00,0.00,0.00,
happy:0.89,0.91,0.89,0.89,
sadness:0.04,0.03,0.05,0.04,
surprise:0.00,0.00,0.00,0.00,

5, dbn_3lys_1250_250_250_500
anger:0.07,0.08,0.07,0.07,
contempt:0.00,0.00,0.00,0.00,
disgust:0.00,0.00,0.00,0.00,
fear:0.00,0.00,0.00,0.00,
happy:0.90,0.87,0.87,0.89,
sadness:0.03,0.04,0.06,0.05,
surprise:0.00,0.00,0.00,0.00,

6, dbn_3lys_1250_250_500_100
anger:0.06,0.05,0.03,0.07,
contempt:0.00,0.00,0.00,0.00,
disgust:0.00,0.00,0.00,0.00,
fear:0.00,0.00,0.00,0.00,
happy:0.89,0.92,0.94,0.90,
sadness:0.05,0.03,0.03,0.03,
surprise:0.00,0.00,0.00,0.00,

7, dbn_3lys_1250_250_500_250
anger:0.09,0.10,0.13,0.10,
contempt:0.00,0.00,0.00,0.00,
disgust:0.00,0.00,0.00,0.00,
fear:0.00,0.00,0.00,0.00,
happy:0.85,0.83,0.80,0.83,
sadness:0.06,0.07,0.07,0.07,
surprise:0.00,0.00,0.00,0.00,

8, dbn_3lys_1250_250_500_500
anger:0.10,0.09,0.13,0.10,
contempt:0.00,0.00,0.00,0.00,
disgust:0.00,0.00,0.00,0.00,
fear:0.00,0.00,0.00,0.00,
happy:0.84,0.84,0.80,0.83,
sadness:0.06,0.07,0.07,0.06,
surprise:0.00,0.00,0.00,0.00,

0, dbn_3lys_1250_250_100_100
anger:0.04,0.05,0.04,0.07,
contempt:0.00,0.00,0.00,0.00,
disgust:0.00,0.00,0.00,0.00,
fear:0.00,0.00,0.00,0.00,
happy:0.94,0.94,0.93,0.90,
sadness:0.02,0.02,0.03,0.04,
surprise:0.00,0.00,0.00,0.00,

1, dbn_3lys_1250_250_100_250
anger:0.09,0.08,0.07,0.09,
contempt:0.00,0.00,0.00,0.00,
disgust:0.00,0.00,0.00,0.00,
fear:0.00,0.00,0.00,0.00,
happy:0.87,0.90,0.89,0.89,
sadness:0.04,0.03,0.04,0.02,
surprise:0.00,0.00,0.00,0.00,

2, dbn_3lys_1250_250_100_500
anger:0.11,0.09,0.07,0.08,
contempt:0.00,0.00,0.00,0.00,
disgust:0.00,0.00,0.00,0.00,
fear:0.00,0.00,0.00,0.00,
happy:0.85,0.87,0.89,0.86,
sadness:0.04,0.04,0.05,0.06,
surprise:0.00,0.00,0.00,0.00,

3, dbn_3lys_1250_250_250_100
anger:0.06,0.06,0.07,0.05,
contempt:0.00,0.00,0.00,0.00,
disgust:0.00,0.00,0.00,0.00,
fear:0.00,0.00,0.00,0.00,
happy:0.89,0.89,0.89,0.90,
sadness:0.05,0.04,0.04,0.05,
surprise:0.00,0.00,0.00,0.00,

4, dbn_3lys_1250_250_250_250
anger:0.10,0.08,0.10,0.09,
contempt:0.00,0.00,0.00,0.00,
disgust:0.00,0.00,0.00,0.00,
fear:0.00,0.00,0.00,0.00,
happy:0.86,0.87,0.86,0.85,
sadness:0.05,0.05,0.04,0.05,
surprise:0.00,0.00,0.00,0.00,

5, dbn_3lys_1250_250_250_500
anger:0.12,0.08,0.06,0.09,
contempt:0.00,0.00,0.00,0.00,
disgust:0.00,0.00,0.00,0.00,
fear:0.00,0.00,0.00,0.00,
happy:0.82,0.86,0.89,0.84,
sadness:0.06,0.06,0.05,0.06,
surprise:0.00,0.00,0.00,0.00,

6, dbn_3lys_1250_250_500_100
anger:0.07,0.06,0.06,0.06,
contempt:0.00,0.00,0.00,0.00,
disgust:0.00,0.00,0.00,0.00,
fear:0.00,0.00,0.00,0.00,
happy:0.89,0.88,0.88,0.87,
sadness:0.04,0.05,0.06,0.06,
surprise:0.00,0.00,0.00,0.00,

7, dbn_3lys_1250_250_500_250
anger:0.10,0.08,0.12,0.14,
contempt:0.00,0.00,0.00,0.00,
disgust:0.00,0.00,0.00,0.00,
fear:0.00,0.00,0.00,0.00,
happy:0.83,0.84,0.82,0.77,
sadness:0.07,0.07,0.05,0.09,
surprise:0.00,0.00,0.00,0.00,

8, dbn_3lys_1250_250_500_500
anger:0.12,0.08,0.12,0.16,
contempt:0.00,0.00,0.00,0.00,
disgust:0.00,0.00,0.00,0.00,
fear:0.00,0.00,0.00,0.00,
happy:0.80,0.84,0.81,0.76,
sadness:0.07,0.08,0.07,0.08,
surprise:0.00,0.00,0.00,0.00,

0, dbn_3lys_1250_250_100_100
anger:0.03,0.04,0.08,0.05,
contempt:0.00,0.00,0.00,0.00,
disgust:0.00,0.00,0.00,0.00,
fear:0.00,0.00,0.00,0.00,
happy:0.93,0.92,0.90,0.91,
sadness:0.04,0.04,0.03,0.04,
surprise:0.00,0.00,0.00,0.00,

1, dbn_3lys_1250_250_100_250
anger:0.08,0.09,0.09,0.09,
contempt:0.00,0.00,0.00,0.00,
disgust:0.00,0.00,0.00,0.00,
fear:0.00,0.00,0.00,0.00,
happy:0.89,0.85,0.87,0.85,
sadness:0.04,0.05,0.04,0.06,
surprise:0.00,0.00,0.00,0.00,

2, dbn_3lys_1250_250_100_500
anger:0.10,0.09,0.08,0.10,
contempt:0.00,0.00,0.00,0.00,
disgust:0.00,0.00,0.00,0.00,
fear:0.00,0.00,0.00,0.00,
happy:0.84,0.87,0.87,0.85,
sadness:0.06,0.04,0.05,0.05,
surprise:0.00,0.00,0.00,0.00,

3, dbn_3lys_1250_250_250_100
anger:0.08,0.07,0.06,0.06,
contempt:0.00,0.00,0.00,0.00,
disgust:0.00,0.00,0.00,0.00,
fear:0.00,0.00,0.00,0.00,
happy:0.87,0.88,0.91,0.90,
sadness:0.04,0.05,0.03,0.03,
surprise:0.00,0.00,0.00,0.00,

4, dbn_3lys_1250_250_250_250
anger:0.14,0.11,0.11,0.10,
contempt:0.00,0.00,0.00,0.00,
disgust:0.00,0.00,0.00,0.00,
fear:0.00,0.00,0.00,0.00,
happy:0.78,0.84,0.82,0.86,
sadness:0.08,0.05,0.07,0.05,
surprise:0.00,0.00,0.00,0.00,

5, dbn_3lys_1250_250_250_500
anger:0.17,0.15,0.18,0.14,
contempt:0.00,0.00,0.00,0.00,
disgust:0.00,0.00,0.00,0.00,
fear:0.00,0.00,0.00,0.00,
happy:0.78,0.79,0.76,0.83,
sadness:0.06,0.06,0.06,0.04,
surprise:0.00,0.00,0.00,0.00,

6, dbn_3lys_1250_250_500_100
anger:0.10,0.08,0.07,0.07,
contempt:0.00,0.00,0.00,0.00,
disgust:0.00,0.00,0.00,0.00,
fear:0.00,0.00,0.00,0.00,
happy:0.82,0.83,0.86,0.86,
sadness:0.08,0.08,0.07,0.07,
surprise:0.00,0.00,0.00,0.00,

7, dbn_3lys_1250_250_500_250
anger:0.11,0.11,0.10,0.10,
contempt:0.00,0.00,0.00,0.00,
disgust:0.00,0.00,0.00,0.00,
fear:0.00,0.00,0.00,0.00,
happy:0.81,0.80,0.82,0.80,
sadness:0.08,0.08,0.08,0.09,
surprise:0.00,0.00,0.00,0.00,

8, dbn_3lys_1250_250_500_500
anger:0.10,0.13,0.13,0.17,
contempt:0.00,0.00,0.00,0.00,
disgust:0.00,0.00,0.00,0.00,
fear:0.00,0.00,0.00,0.00,
happy:0.79,0.80,0.79,0.76,
sadness:0.11,0.07,0.09,0.07,
surprise:0.00,0.00,0.00,0.00,

0, dbn_3lys_1250_250_100_100
anger:0.04,0.05,0.05,0.07,
contempt:0.00,0.00,0.00,0.00,
disgust:0.00,0.00,0.00,0.00,
fear:0.00,0.00,0.00,0.00,
happy:0.93,0.92,0.93,0.90,
sadness:0.03,0.03,0.02,0.03,
surprise:0.00,0.00,0.00,0.00,

1, dbn_3lys_1250_250_100_250
anger:0.08,0.09,0.08,0.09,
contempt:0.00,0.00,0.00,0.00,
disgust:0.00,0.00,0.00,0.00,
fear:0.00,0.00,0.00,0.00,
happy:0.90,0.88,0.87,0.85,
sadness:0.02,0.03,0.05,0.06,
surprise:0.00,0.00,0.00,0.00,

2, dbn_3lys_1250_250_100_500
anger:0.07,0.10,0.10,0.08,
contempt:0.00,0.00,0.00,0.00,
disgust:0.00,0.00,0.00,0.00,
fear:0.00,0.00,0.00,0.00,
happy:0.91,0.86,0.85,0.87,
sadness:0.02,0.04,0.05,0.05,
surprise:0.00,0.00,0.00,0.00,

3, dbn_3lys_1250_250_250_100
anger:0.07,0.08,0.08,0.09,
contempt:0.00,0.00,0.00,0.00,
disgust:0.00,0.00,0.00,0.00,
fear:0.00,0.00,0.00,0.00,
happy:0.90,0.88,0.87,0.86,
sadness:0.02,0.04,0.05,0.04,
surprise:0.00,0.00,0.00,0.00,

4, dbn_3lys_1250_250_250_250
anger:0.15,0.08,0.07,0.15,
contempt:0.00,0.00,0.00,0.00,
disgust:0.00,0.00,0.00,0.00,
fear:0.00,0.00,0.00,0.00,
happy:0.80,0.86,0.87,0.81,
sadness:0.06,0.07,0.06,0.05,
surprise:0.00,0.00,0.00,0.00,

5, dbn_3lys_1250_250_250_500
anger:0.13,0.10,0.13,0.14,
contempt:0.00,0.00,0.00,0.00,
disgust:0.00,0.00,0.00,0.00,
fear:0.00,0.00,0.00,0.00,
happy:0.81,0.84,0.80,0.79,
sadness:0.06,0.06,0.07,0.06,
surprise:0.00,0.00,0.00,0.00,

6, dbn_3lys_1250_250_500_100
anger:0.12,0.09,0.06,0.09,
contempt:0.00,0.00,0.00,0.00,
disgust:0.00,0.00,0.00,0.00,
fear:0.00,0.00,0.00,0.00,
happy:0.78,0.86,0.85,0.84,
sadness:0.10,0.05,0.08,0.07,
surprise:0.00,0.00,0.00,0.00,

7, dbn_3lys_1250_250_500_250
anger:0.14,0.12,0.11,0.17,
contempt:0.00,0.00,0.00,0.00,
disgust:0.00,0.00,0.00,0.00,
fear:0.00,0.00,0.00,0.00,
happy:0.73,0.76,0.75,0.72,
sadness:0.13,0.12,0.14,0.11,
surprise:0.00,0.00,0.00,0.00,

8, dbn_3lys_1250_250_500_500
anger:0.17,0.13,0.18,0.20,
contempt:0.00,0.00,0.00,0.00,
disgust:0.00,0.00,0.00,0.00,
fear:0.00,0.00,0.00,0.00,
happy:0.70,0.74,0.71,0.71,
sadness:0.13,0.13,0.11,0.09,
surprise:0.00,0.00,0.00,0.00,

0, dbn_3lys_1250_250_100_100
anger:0.05,0.07,0.07,0.05,
contempt:0.00,0.00,0.00,0.00,
disgust:0.00,0.00,0.00,0.00,
fear:0.00,0.00,0.00,0.00,
happy:0.92,0.89,0.90,0.88,
sadness:0.04,0.05,0.03,0.08,
surprise:0.00,0.00,0.00,0.00,

1, dbn_3lys_1250_250_100_250
anger:0.07,0.09,0.10,0.12,
contempt:0.00,0.00,0.00,0.00,
disgust:0.00,0.00,0.00,0.00,
fear:0.00,0.00,0.00,0.00,
happy:0.89,0.85,0.84,0.82,
sadness:0.04,0.06,0.07,0.06,
surprise:0.00,0.00,0.00,0.00,

2, dbn_3lys_1250_250_100_500
anger:0.09,0.13,0.07,0.10,
contempt:0.00,0.00,0.00,0.00,
disgust:0.00,0.00,0.00,0.00,
fear:0.00,0.00,0.00,0.00,
happy:0.82,0.83,0.84,0.84,
sadness:0.09,0.04,0.08,0.07,
surprise:0.00,0.00,0.00,0.00,

3, dbn_3lys_1250_250_250_100
anger:0.09,0.14,0.15,0.15,
contempt:0.00,0.00,0.00,0.00,
disgust:0.00,0.00,0.00,0.00,
fear:0.00,0.00,0.00,0.00,
happy:0.85,0.81,0.80,0.79,
sadness:0.05,0.05,0.04,0.06,
surprise:0.00,0.00,0.00,0.00,

4, dbn_3lys_1250_250_250_250
anger:0.14,0.15,0.17,0.17,
contempt:0.00,0.00,0.00,0.00,
disgust:0.00,0.00,0.00,0.00,
fear:0.00,0.00,0.00,0.00,
happy:0.79,0.76,0.74,0.70,
sadness:0.07,0.09,0.09,0.13,
surprise:0.00,0.00,0.00,0.00,

5, dbn_3lys_1250_250_250_500
anger:0.15,0.11,0.16,0.18,
contempt:0.00,0.00,0.00,0.00,
disgust:0.00,0.00,0.00,0.00,
fear:0.00,0.00,0.00,0.00,
happy:0.75,0.77,0.73,0.72,
sadness:0.10,0.11,0.11,0.10,
surprise:0.00,0.00,0.00,0.00,

6, dbn_3lys_1250_250_500_100
anger:0.10,0.11,0.15,0.13,
contempt:0.00,0.00,0.00,0.00,
disgust:0.00,0.00,0.00,0.00,
fear:0.00,0.00,0.00,0.00,
happy:0.82,0.78,0.78,0.79,
sadness:0.08,0.10,0.07,0.07,
surprise:0.00,0.00,0.00,0.00,

7, dbn_3lys_1250_250_500_250
anger:0.27,0.22,0.19,0.25,
contempt:0.00,0.00,0.00,0.00,
disgust:0.00,0.00,0.00,0.00,
fear:0.00,0.00,0.00,0.00,
happy:0.61,0.66,0.66,0.65,
sadness:0.12,0.12,0.14,0.10,
surprise:0.00,0.00,0.00,0.00,

8, dbn_3lys_1250_250_500_500
anger:0.20,0.19,0.21,0.22,
contempt:0.00,0.00,0.00,0.00,
disgust:0.00,0.00,0.00,0.00,
fear:0.00,0.00,0.00,0.00,
happy:0.61,0.66,0.65,0.66,
sadness:0.19,0.15,0.14,0.12,
surprise:0.00,0.00,0.00,0.00,

0, dbn_3lys_1250_250_100_100
anger:0.11,0.08,0.13,0.12,
contempt:0.00,0.00,0.00,0.00,
disgust:0.00,0.00,0.00,0.00,
fear:0.00,0.00,0.00,0.00,
happy:0.82,0.87,0.83,0.84,
sadness:0.07,0.05,0.03,0.04,
surprise:0.00,0.00,0.00,0.00,

1, dbn_3lys_1250_250_100_250
anger:0.12,0.10,0.14,0.12,
contempt:0.00,0.00,0.00,0.00,
disgust:0.00,0.00,0.00,0.00,
fear:0.00,0.00,0.00,0.00,
happy:0.82,0.83,0.79,0.82,
sadness:0.06,0.08,0.07,0.06,
surprise:0.00,0.00,0.00,0.00,

2, dbn_3lys_1250_250_100_500
anger:0.15,0.15,0.15,0.11,
contempt:0.00,0.00,0.00,0.00,
disgust:0.00,0.00,0.00,0.00,
fear:0.00,0.00,0.00,0.00,
happy:0.77,0.75,0.77,0.82,
sadness:0.08,0.09,0.08,0.06,
surprise:0.00,0.00,0.00,0.00,

3, dbn_3lys_1250_250_250_100
anger:0.12,0.09,0.13,0.14,
contempt:0.00,0.00,0.00,0.00,
disgust:0.00,0.00,0.00,0.00,
fear:0.00,0.00,0.00,0.00,
happy:0.82,0.85,0.81,0.80,
sadness:0.06,0.06,0.06,0.06,
surprise:0.00,0.00,0.00,0.00,

4, dbn_3lys_1250_250_250_250
anger:0.17,0.10,0.16,0.18,
contempt:0.00,0.00,0.00,0.00,
disgust:0.00,0.00,0.00,0.00,
fear:0.00,0.00,0.00,0.00,
happy:0.75,0.81,0.74,0.73,
sadness:0.08,0.09,0.10,0.09,
surprise:0.00,0.00,0.00,0.00,

5, dbn_3lys_1250_250_250_500
anger:0.14,0.16,0.17,0.17,
contempt:0.00,0.00,0.00,0.00,
disgust:0.00,0.00,0.00,0.00,
fear:0.00,0.00,0.00,0.00,
happy:0.78,0.76,0.75,0.75,
sadness:0.09,0.09,0.08,0.09,
surprise:0.00,0.00,0.00,0.00,

6, dbn_3lys_1250_250_500_100
anger:0.17,0.13,0.13,0.12,
contempt:0.00,0.00,0.00,0.00,
disgust:0.00,0.00,0.00,0.00,
fear:0.00,0.00,0.00,0.00,
happy:0.72,0.77,0.76,0.78,
sadness:0.12,0.10,0.11,0.10,
surprise:0.00,0.00,0.00,0.00,

7, dbn_3lys_1250_250_500_250
anger:0.28,0.19,0.24,0.21,
contempt:0.00,0.00,0.00,0.00,
disgust:0.00,0.00,0.00,0.00,
fear:0.00,0.00,0.00,0.00,
happy:0.59,0.65,0.59,0.61,
sadness:0.13,0.17,0.17,0.18,
surprise:0.00,0.00,0.00,0.00,

8, dbn_3lys_1250_250_500_500
anger:0.25,0.23,0.26,0.23,
contempt:0.00,0.00,0.00,0.00,
disgust:0.00,0.00,0.00,0.00,
fear:0.00,0.00,0.00,0.00,
happy:0.57,0.61,0.56,0.59,
sadness:0.18,0.17,0.18,0.18,
surprise:0.00,0.00,0.00,0.00,

0, dbn_3lys_1250_250_100_100
anger:0.13,0.09,0.13,0.14,
contempt:0.00,0.00,0.00,0.00,
disgust:0.00,0.00,0.00,0.00,
fear:0.00,0.00,0.00,0.00,
happy:0.82,0.85,0.84,0.81,
sadness:0.06,0.06,0.03,0.05,
surprise:0.00,0.00,0.00,0.00,

1, dbn_3lys_1250_250_100_250
anger:0.12,0.15,0.14,0.12,
contempt:0.00,0.00,0.00,0.00,
disgust:0.00,0.00,0.00,0.00,
fear:0.00,0.00,0.00,0.00,
happy:0.81,0.79,0.78,0.82,
sadness:0.07,0.06,0.07,0.07,
surprise:0.00,0.00,0.00,0.00,

2, dbn_3lys_1250_250_100_500
anger:0.10,0.17,0.18,0.13,
contempt:0.00,0.00,0.00,0.00,
disgust:0.00,0.00,0.00,0.00,
fear:0.00,0.00,0.00,0.00,
happy:0.82,0.76,0.75,0.79,
sadness:0.08,0.07,0.07,0.08,
surprise:0.00,0.00,0.00,0.00,

3, dbn_3lys_1250_250_250_100
anger:0.14,0.15,0.14,0.14,
contempt:0.00,0.00,0.00,0.00,
disgust:0.00,0.00,0.00,0.00,
fear:0.00,0.00,0.00,0.00,
happy:0.78,0.79,0.81,0.78,
sadness:0.08,0.06,0.05,0.07,
surprise:0.00,0.00,0.00,0.00,

4, dbn_3lys_1250_250_250_250
anger:0.16,0.13,0.19,0.22,
contempt:0.00,0.00,0.00,0.00,
disgust:0.00,0.00,0.00,0.00,
fear:0.00,0.00,0.00,0.00,
happy:0.74,0.80,0.71,0.71,
sadness:0.10,0.08,0.10,0.08,
surprise:0.00,0.00,0.00,0.00,

5, dbn_3lys_1250_250_250_500
anger:0.16,0.18,0.19,0.19,
contempt:0.00,0.00,0.00,0.00,
disgust:0.00,0.00,0.00,0.00,
fear:0.00,0.00,0.00,0.00,
happy:0.76,0.71,0.68,0.70,
sadness:0.08,0.11,0.12,0.10,
surprise:0.00,0.00,0.00,0.00,

6, dbn_3lys_1250_250_500_100
anger:0.09,0.13,0.13,0.16,
contempt:0.00,0.00,0.00,0.00,
disgust:0.00,0.00,0.00,0.00,
fear:0.00,0.00,0.00,0.00,
happy:0.84,0.81,0.75,0.73,
sadness:0.07,0.07,0.13,0.11,
surprise:0.00,0.00,0.00,0.00,

7, dbn_3lys_1250_250_500_250
anger:0.18,0.27,0.19,0.25,
contempt:0.00,0.00,0.00,0.00,
disgust:0.00,0.00,0.00,0.00,
fear:0.00,0.00,0.00,0.00,
happy:0.70,0.60,0.64,0.58,
sadness:0.12,0.14,0.17,0.17,
surprise:0.00,0.00,0.00,0.00,

8, dbn_3lys_1250_250_500_500
anger:0.21,0.28,0.27,0.26,
contempt:0.00,0.00,0.00,0.00,
disgust:0.00,0.00,0.00,0.00,
fear:0.00,0.00,0.00,0.00,
happy:0.68,0.59,0.59,0.59,
sadness:0.12,0.13,0.14,0.16,
surprise:0.00,0.00,0.00,0.00,


