ExperimentDBN425
0, dbn_3lys_1250_500_100_100
anger:0.04,0.06,0.05,0.03,
contempt:0.00,0.00,0.00,0.00,
disgust:0.00,0.00,0.00,0.00,
fear:0.00,0.00,0.00,0.00,
happy:0.92,0.91,0.91,0.93,
sadness:0.04,0.03,0.04,0.03,
surprise:0.00,0.00,0.00,0.00,

1, dbn_3lys_1250_500_100_250
anger:0.04,0.06,0.06,0.05,
contempt:0.00,0.00,0.00,0.00,
disgust:0.00,0.00,0.00,0.00,
fear:0.00,0.00,0.00,0.00,
happy:0.90,0.89,0.89,0.91,
sadness:0.06,0.05,0.05,0.05,
surprise:0.00,0.00,0.00,0.00,

2, dbn_3lys_1250_500_100_500
anger:0.07,0.06,0.07,0.06,
contempt:0.00,0.00,0.00,0.00,
disgust:0.00,0.00,0.00,0.00,
fear:0.00,0.00,0.00,0.00,
happy:0.88,0.89,0.88,0.90,
sadness:0.05,0.06,0.05,0.04,
surprise:0.00,0.00,0.00,0.00,

3, dbn_3lys_1250_500_250_100
anger:0.06,0.08,0.07,0.08,
contempt:0.00,0.00,0.00,0.00,
disgust:0.00,0.00,0.00,0.00,
fear:0.00,0.00,0.00,0.00,
happy:0.88,0.86,0.87,0.86,
sadness:0.06,0.05,0.06,0.07,
surprise:0.00,0.00,0.00,0.00,

4, dbn_3lys_1250_500_250_250
anger:0.10,0.09,0.10,0.16,
contempt:0.00,0.00,0.00,0.00,
disgust:0.00,0.00,0.00,0.00,
fear:0.00,0.00,0.00,0.00,
happy:0.83,0.84,0.82,0.73,
sadness:0.08,0.07,0.09,0.12,
surprise:0.00,0.00,0.00,0.00,

5, dbn_3lys_1250_500_250_500
anger:0.09,0.09,0.11,0.11,
contempt:0.00,0.00,0.00,0.00,
disgust:0.00,0.00,0.00,0.00,
fear:0.00,0.00,0.00,0.00,
happy:0.81,0.85,0.80,0.79,
sadness:0.10,0.06,0.09,0.10,
surprise:0.00,0.00,0.00,0.00,

6, dbn_3lys_1250_500_500_100
anger:0.11,0.15,0.13,0.16,
contempt:0.00,0.00,0.00,0.00,
disgust:0.00,0.00,0.00,0.00,
fear:0.00,0.00,0.00,0.00,
happy:0.83,0.80,0.82,0.76,
sadness:0.06,0.05,0.05,0.08,
surprise:0.00,0.00,0.00,0.00,

7, dbn_3lys_1250_500_500_250
anger:0.13,0.17,0.15,0.18,
contempt:0.00,0.00,0.00,0.00,
disgust:0.00,0.00,0.00,0.00,
fear:0.00,0.00,0.00,0.00,
happy:0.80,0.78,0.81,0.75,
sadness:0.07,0.06,0.04,0.07,
surprise:0.00,0.00,0.00,0.00,

8, dbn_3lys_1250_500_500_500
anger:0.14,0.14,0.18,0.18,
contempt:0.00,0.00,0.00,0.00,
disgust:0.00,0.00,0.00,0.00,
fear:0.00,0.00,0.00,0.00,
happy:0.76,0.74,0.74,0.73,
sadness:0.09,0.12,0.08,0.08,
surprise:0.00,0.00,0.00,0.00,

0, dbn_3lys_1250_500_100_100
anger:0.10,0.07,0.06,0.07,
contempt:0.00,0.00,0.00,0.00,
disgust:0.00,0.00,0.00,0.00,
fear:0.00,0.00,0.00,0.00,
happy:0.85,0.85,0.88,0.86,
sadness:0.05,0.07,0.06,0.07,
surprise:0.00,0.00,0.00,0.00,

1, dbn_3lys_1250_500_100_250
anger:0.10,0.09,0.10,0.12,
contempt:0.00,0.00,0.00,0.00,
disgust:0.00,0.00,0.00,0.00,
fear:0.00,0.00,0.00,0.00,
happy:0.83,0.83,0.82,0.81,
sadness:0.07,0.07,0.08,0.07,
surprise:0.00,0.00,0.00,0.00,

2, dbn_3lys_1250_500_100_500
anger:0.08,0.10,0.10,0.10,
contempt:0.00,0.00,0.00,0.00,
disgust:0.00,0.00,0.00,0.00,
fear:0.00,0.00,0.00,0.00,
happy:0.87,0.83,0.83,0.82,
sadness:0.05,0.07,0.08,0.08,
surprise:0.00,0.00,0.00,0.00,

3, dbn_3lys_1250_500_250_100
anger:0.19,0.11,0.13,0.14,
contempt:0.00,0.00,0.00,0.00,
disgust:0.00,0.00,0.00,0.00,
fear:0.00,0.00,0.00,0.00,
happy:0.71,0.80,0.76,0.75,
sadness:0.10,0.09,0.10,0.11,
surprise:0.00,0.00,0.00,0.00,

4, dbn_3lys_1250_500_250_250
anger:0.18,0.17,0.17,0.18,
contempt:0.00,0.00,0.00,0.00,
disgust:0.00,0.00,0.00,0.00,
fear:0.00,0.00,0.00,0.00,
happy:0.73,0.71,0.70,0.69,
sadness:0.09,0.12,0.14,0.12,
surprise:0.00,0.00,0.00,0.00,

5, dbn_3lys_1250_500_250_500
anger:0.16,0.16,0.17,0.18,
contempt:0.00,0.00,0.00,0.00,
disgust:0.00,0.00,0.00,0.00,
fear:0.00,0.00,0.00,0.00,
happy:0.70,0.72,0.69,0.69,
sadness:0.14,0.11,0.14,0.13,
surprise:0.00,0.00,0.00,0.00,

6, dbn_3lys_1250_500_500_100
anger:0.19,0.13,0.17,0.19,
contempt:0.00,0.00,0.00,0.00,
disgust:0.00,0.00,0.00,0.00,
fear:0.00,0.00,0.00,0.00,
happy:0.76,0.77,0.73,0.70,
sadness:0.05,0.10,0.10,0.10,
surprise:0.00,0.00,0.00,0.00,

7, dbn_3lys_1250_500_500_250
anger:0.18,0.20,0.23,0.28,
contempt:0.00,0.00,0.00,0.00,
disgust:0.00,0.00,0.00,0.00,
fear:0.00,0.00,0.00,0.00,
happy:0.72,0.67,0.60,0.60,
sadness:0.10,0.12,0.17,0.12,
surprise:0.00,0.00,0.00,0.00,

8, dbn_3lys_1250_500_500_500
anger:0.25,0.22,0.24,0.25,
contempt:0.00,0.00,0.00,0.00,
disgust:0.00,0.00,0.00,0.00,
fear:0.00,0.00,0.00,0.00,
happy:0.65,0.63,0.59,0.59,
sadness:0.11,0.15,0.17,0.17,
surprise:0.00,0.00,0.00,0.00,

0, dbn_3lys_1250_500_100_100
anger:0.06,0.08,0.07,0.05,
contempt:0.00,0.00,0.00,0.00,
disgust:0.00,0.00,0.00,0.00,
fear:0.00,0.00,0.00,0.00,
happy:0.86,0.86,0.85,0.88,
sadness:0.07,0.06,0.08,0.06,
surprise:0.00,0.00,0.00,0.00,

1, dbn_3lys_1250_500_100_250
anger:0.12,0.11,0.11,0.12,
contempt:0.00,0.00,0.00,0.00,
disgust:0.00,0.00,0.00,0.00,
fear:0.00,0.00,0.00,0.00,
happy:0.80,0.80,0.81,0.79,
sadness:0.08,0.09,0.07,0.09,
surprise:0.00,0.00,0.00,0.00,

2, dbn_3lys_1250_500_100_500
anger:0.09,0.12,0.09,0.14,
contempt:0.00,0.00,0.00,0.00,
disgust:0.00,0.00,0.00,0.00,
fear:0.00,0.00,0.00,0.00,
happy:0.83,0.80,0.82,0.76,
sadness:0.08,0.08,0.09,0.09,
surprise:0.00,0.00,0.00,0.00,

3, dbn_3lys_1250_500_250_100
anger:0.12,0.14,0.15,0.19,
contempt:0.00,0.00,0.00,0.00,
disgust:0.00,0.00,0.00,0.00,
fear:0.00,0.00,0.00,0.00,
happy:0.79,0.78,0.76,0.72,
sadness:0.09,0.08,0.09,0.08,
surprise:0.00,0.00,0.00,0.00,

4, dbn_3lys_1250_500_250_250
anger:0.17,0.18,0.23,0.23,
contempt:0.00,0.00,0.00,0.00,
disgust:0.00,0.00,0.00,0.00,
fear:0.00,0.00,0.00,0.00,
happy:0.70,0.71,0.65,0.67,
sadness:0.13,0.10,0.12,0.10,
surprise:0.00,0.00,0.00,0.00,

5, dbn_3lys_1250_500_250_500
anger:0.16,0.19,0.18,0.19,
contempt:0.00,0.00,0.00,0.00,
disgust:0.00,0.00,0.00,0.00,
fear:0.00,0.00,0.00,0.00,
happy:0.72,0.71,0.70,0.68,
sadness:0.12,0.11,0.12,0.13,
surprise:0.00,0.00,0.00,0.00,

6, dbn_3lys_1250_500_500_100
anger:0.22,0.17,0.15,0.16,
contempt:0.00,0.00,0.00,0.00,
disgust:0.00,0.00,0.00,0.00,
fear:0.00,0.00,0.00,0.00,
happy:0.65,0.73,0.72,0.69,
sadness:0.12,0.10,0.13,0.16,
surprise:0.00,0.00,0.00,0.00,

7, dbn_3lys_1250_500_500_250
anger:0.30,0.21,0.26,0.29,
contempt:0.00,0.00,0.00,0.00,
disgust:0.00,0.00,0.00,0.00,
fear:0.00,0.00,0.00,0.00,
happy:0.56,0.64,0.58,0.54,
sadness:0.14,0.15,0.15,0.17,
surprise:0.00,0.00,0.00,0.00,

8, dbn_3lys_1250_500_500_500
anger:0.28,0.22,0.27,0.27,
contempt:0.00,0.00,0.00,0.00,
disgust:0.00,0.00,0.00,0.00,
fear:0.00,0.00,0.00,0.00,
happy:0.52,0.58,0.54,0.55,
sadness:0.20,0.20,0.19,0.18,
surprise:0.00,0.00,0.00,0.00,

0, dbn_3lys_1250_500_100_100
anger:0.10,0.10,0.10,0.11,
contempt:0.00,0.00,0.00,0.00,
disgust:0.00,0.00,0.00,0.00,
fear:0.00,0.00,0.00,0.00,
happy:0.84,0.81,0.81,0.80,
sadness:0.06,0.09,0.09,0.09,
surprise:0.00,0.00,0.00,0.00,

1, dbn_3lys_1250_500_100_250
anger:0.12,0.14,0.14,0.17,
contempt:0.00,0.00,0.00,0.00,
disgust:0.00,0.00,0.00,0.00,
fear:0.00,0.00,0.00,0.00,
happy:0.80,0.77,0.78,0.75,
sadness:0.08,0.09,0.08,0.09,
surprise:0.00,0.00,0.00,0.00,

2, dbn_3lys_1250_500_100_500
anger:0.16,0.15,0.13,0.16,
contempt:0.00,0.00,0.00,0.00,
disgust:0.00,0.00,0.00,0.00,
fear:0.00,0.00,0.00,0.00,
happy:0.76,0.75,0.75,0.71,
sadness:0.09,0.10,0.12,0.13,
surprise:0.00,0.00,0.00,0.00,

3, dbn_3lys_1250_500_250_100
anger:0.25,0.23,0.24,0.23,
contempt:0.00,0.00,0.00,0.00,
disgust:0.00,0.00,0.00,0.00,
fear:0.00,0.00,0.00,0.00,
happy:0.63,0.69,0.62,0.64,
sadness:0.13,0.09,0.14,0.13,
surprise:0.00,0.00,0.00,0.00,

4, dbn_3lys_1250_500_250_250
anger:0.24,0.26,0.29,0.28,
contempt:0.00,0.00,0.00,0.00,
disgust:0.00,0.00,0.00,0.00,
fear:0.00,0.00,0.00,0.00,
happy:0.62,0.60,0.57,0.56,
sadness:0.14,0.14,0.15,0.16,
surprise:0.00,0.00,0.00,0.00,

5, dbn_3lys_1250_500_250_500
anger:0.25,0.28,0.29,0.26,
contempt:0.00,0.00,0.00,0.00,
disgust:0.00,0.00,0.00,0.00,
fear:0.00,0.00,0.00,0.00,
happy:0.60,0.55,0.58,0.57,
sadness:0.16,0.17,0.13,0.17,
surprise:0.00,0.00,0.00,0.00,

6, dbn_3lys_1250_500_500_100
anger:0.26,0.20,0.23,0.26,
contempt:0.00,0.00,0.00,0.00,
disgust:0.00,0.00,0.00,0.00,
fear:0.00,0.00,0.00,0.00,
happy:0.65,0.66,0.63,0.61,
sadness:0.09,0.14,0.14,0.13,
surprise:0.00,0.00,0.00,0.00,

7, dbn_3lys_1250_500_500_250
anger:0.35,0.30,0.33,0.36,
contempt:0.00,0.00,0.00,0.00,
disgust:0.00,0.00,0.00,0.00,
fear:0.00,0.00,0.00,0.00,
happy:0.48,0.49,0.45,0.40,
sadness:0.17,0.21,0.22,0.24,
surprise:0.00,0.00,0.00,0.00,

8, dbn_3lys_1250_500_500_500
anger:0.35,0.33,0.32,0.33,
contempt:0.00,0.00,0.00,0.00,
disgust:0.00,0.00,0.00,0.00,
fear:0.00,0.00,0.00,0.00,
happy:0.46,0.50,0.43,0.49,
sadness:0.19,0.18,0.25,0.18,
surprise:0.00,0.00,0.00,0.00,

0, dbn_3lys_1250_500_100_100
anger:0.09,0.11,0.13,0.14,
contempt:0.00,0.00,0.00,0.00,
disgust:0.00,0.00,0.00,0.00,
fear:0.00,0.00,0.00,0.00,
happy:0.84,0.82,0.82,0.80,
sadness:0.07,0.07,0.06,0.07,
surprise:0.00,0.00,0.00,0.00,

1, dbn_3lys_1250_500_100_250
anger:0.14,0.14,0.16,0.14,
contempt:0.00,0.00,0.00,0.00,
disgust:0.00,0.00,0.00,0.00,
fear:0.00,0.00,0.00,0.00,
happy:0.75,0.78,0.75,0.74,
sadness:0.11,0.08,0.09,0.12,
surprise:0.00,0.00,0.00,0.00,

2, dbn_3lys_1250_500_100_500
anger:0.15,0.12,0.16,0.18,
contempt:0.00,0.00,0.00,0.00,
disgust:0.00,0.00,0.00,0.00,
fear:0.00,0.00,0.00,0.00,
happy:0.76,0.81,0.75,0.72,
sadness:0.09,0.08,0.09,0.11,
surprise:0.00,0.00,0.00,0.00,

3, dbn_3lys_1250_500_250_100
anger:0.20,0.20,0.20,0.26,
contempt:0.00,0.00,0.00,0.00,
disgust:0.00,0.00,0.00,0.00,
fear:0.00,0.00,0.00,0.00,
happy:0.67,0.70,0.66,0.63,
sadness:0.13,0.10,0.13,0.11,
surprise:0.00,0.00,0.00,0.00,

4, dbn_3lys_1250_500_250_250
anger:0.23,0.27,0.26,0.30,
contempt:0.00,0.00,0.00,0.00,
disgust:0.00,0.00,0.00,0.00,
fear:0.00,0.00,0.00,0.00,
happy:0.64,0.59,0.63,0.59,
sadness:0.13,0.14,0.11,0.11,
surprise:0.00,0.00,0.00,0.00,

5, dbn_3lys_1250_500_250_500
anger:0.25,0.28,0.26,0.28,
contempt:0.00,0.00,0.00,0.00,
disgust:0.00,0.00,0.00,0.00,
fear:0.00,0.00,0.00,0.00,
happy:0.62,0.60,0.62,0.61,
sadness:0.13,0.12,0.12,0.11,
surprise:0.00,0.00,0.00,0.00,

6, dbn_3lys_1250_500_500_100
anger:0.32,0.24,0.20,0.26,
contempt:0.00,0.00,0.00,0.00,
disgust:0.00,0.00,0.00,0.00,
fear:0.00,0.00,0.00,0.00,
happy:0.55,0.64,0.67,0.62,
sadness:0.14,0.12,0.13,0.12,
surprise:0.00,0.00,0.00,0.00,

7, dbn_3lys_1250_500_500_250
anger:0.37,0.35,0.39,0.32,
contempt:0.00,0.00,0.00,0.00,
disgust:0.00,0.00,0.00,0.00,
fear:0.00,0.00,0.00,0.00,
happy:0.46,0.48,0.44,0.47,
sadness:0.18,0.17,0.17,0.21,
surprise:0.00,0.00,0.00,0.00,

8, dbn_3lys_1250_500_500_500
anger:0.25,0.36,0.32,0.35,
contempt:0.00,0.00,0.00,0.00,
disgust:0.00,0.00,0.00,0.00,
fear:0.00,0.00,0.00,0.00,
happy:0.50,0.46,0.45,0.45,
sadness:0.25,0.18,0.23,0.20,
surprise:0.00,0.00,0.00,0.00,

0, dbn_3lys_1250_500_100_100
anger:0.13,0.14,0.12,0.14,
contempt:0.00,0.00,0.00,0.00,
disgust:0.00,0.00,0.00,0.00,
fear:0.00,0.00,0.00,0.00,
happy:0.81,0.79,0.80,0.78,
sadness:0.07,0.08,0.08,0.08,
surprise:0.00,0.00,0.00,0.00,

1, dbn_3lys_1250_500_100_250
anger:0.21,0.17,0.20,0.19,
contempt:0.00,0.00,0.00,0.00,
disgust:0.00,0.00,0.00,0.00,
fear:0.00,0.00,0.00,0.00,
happy:0.69,0.74,0.71,0.72,
sadness:0.10,0.09,0.09,0.09,
surprise:0.00,0.00,0.00,0.00,

2, dbn_3lys_1250_500_100_500
anger:0.18,0.19,0.24,0.23,
contempt:0.00,0.00,0.00,0.00,
disgust:0.00,0.00,0.00,0.00,
fear:0.00,0.00,0.00,0.00,
happy:0.73,0.73,0.65,0.69,
sadness:0.09,0.09,0.11,0.08,
surprise:0.00,0.00,0.00,0.00,

3, dbn_3lys_1250_500_250_100
anger:0.22,0.20,0.20,0.22,
contempt:0.00,0.00,0.00,0.00,
disgust:0.00,0.00,0.00,0.00,
fear:0.00,0.00,0.00,0.00,
happy:0.65,0.68,0.72,0.69,
sadness:0.13,0.12,0.08,0.09,
surprise:0.00,0.00,0.00,0.00,

4, dbn_3lys_1250_500_250_250
anger:0.27,0.27,0.29,0.27,
contempt:0.00,0.00,0.00,0.00,
disgust:0.00,0.00,0.00,0.00,
fear:0.00,0.00,0.00,0.00,
happy:0.59,0.63,0.59,0.59,
sadness:0.14,0.10,0.12,0.13,
surprise:0.00,0.00,0.00,0.00,

5, dbn_3lys_1250_500_250_500
anger:0.29,0.27,0.29,0.22,
contempt:0.00,0.00,0.00,0.00,
disgust:0.00,0.00,0.00,0.00,
fear:0.00,0.00,0.00,0.00,
happy:0.53,0.59,0.59,0.63,
sadness:0.17,0.14,0.12,0.15,
surprise:0.00,0.00,0.00,0.00,

6, dbn_3lys_1250_500_500_100
anger:0.30,0.26,0.26,0.34,
contempt:0.00,0.00,0.00,0.00,
disgust:0.00,0.00,0.00,0.00,
fear:0.00,0.00,0.00,0.00,
happy:0.55,0.59,0.58,0.52,
sadness:0.15,0.15,0.16,0.14,
surprise:0.00,0.00,0.00,0.00,

7, dbn_3lys_1250_500_500_250
anger:0.46,0.41,0.39,0.37,
contempt:0.00,0.00,0.00,0.00,
disgust:0.00,0.00,0.00,0.00,
fear:0.00,0.00,0.00,0.00,
happy:0.39,0.44,0.43,0.46,
sadness:0.16,0.14,0.18,0.17,
surprise:0.00,0.00,0.00,0.00,

8, dbn_3lys_1250_500_500_500
anger:0.42,0.35,0.39,0.39,
contempt:0.00,0.00,0.00,0.00,
disgust:0.00,0.00,0.00,0.00,
fear:0.00,0.00,0.00,0.00,
happy:0.43,0.51,0.46,0.46,
sadness:0.15,0.13,0.15,0.16,
surprise:0.00,0.00,0.00,0.00,

0, dbn_3lys_1250_500_100_100
anger:0.14,0.18,0.17,0.12,
contempt:0.00,0.00,0.00,0.00,
disgust:0.00,0.00,0.00,0.00,
fear:0.00,0.00,0.00,0.00,
happy:0.77,0.72,0.73,0.76,
sadness:0.09,0.11,0.09,0.11,
surprise:0.00,0.00,0.00,0.00,

1, dbn_3lys_1250_500_100_250
anger:0.26,0.26,0.27,0.23,
contempt:0.00,0.00,0.00,0.00,
disgust:0.00,0.00,0.00,0.00,
fear:0.00,0.00,0.00,0.00,
happy:0.65,0.60,0.61,0.62,
sadness:0.09,0.14,0.12,0.15,
surprise:0.00,0.00,0.00,0.00,

2, dbn_3lys_1250_500_100_500
anger:0.29,0.27,0.27,0.25,
contempt:0.00,0.00,0.00,0.00,
disgust:0.00,0.00,0.00,0.00,
fear:0.00,0.00,0.00,0.00,
happy:0.61,0.62,0.59,0.61,
sadness:0.10,0.11,0.13,0.14,
surprise:0.00,0.00,0.00,0.00,

3, dbn_3lys_1250_500_250_100
anger:0.30,0.23,0.25,0.26,
contempt:0.00,0.00,0.00,0.00,
disgust:0.00,0.00,0.00,0.00,
fear:0.00,0.00,0.00,0.00,
happy:0.57,0.65,0.62,0.58,
sadness:0.13,0.12,0.13,0.16,
surprise:0.00,0.00,0.00,0.00,

4, dbn_3lys_1250_500_250_250
anger:0.26,0.28,0.31,0.30,
contempt:0.00,0.00,0.00,0.00,
disgust:0.00,0.00,0.00,0.00,
fear:0.00,0.00,0.00,0.00,
happy:0.62,0.58,0.57,0.57,
sadness:0.12,0.13,0.12,0.13,
surprise:0.00,0.00,0.00,0.00,

5, dbn_3lys_1250_500_250_500
anger:0.26,0.29,0.33,0.26,
contempt:0.00,0.00,0.00,0.00,
disgust:0.00,0.00,0.00,0.00,
fear:0.00,0.00,0.00,0.00,
happy:0.61,0.59,0.57,0.60,
sadness:0.13,0.12,0.10,0.13,
surprise:0.00,0.00,0.00,0.00,

6, dbn_3lys_1250_500_500_100
anger:0.46,0.35,0.28,0.33,
contempt:0.00,0.00,0.00,0.00,
disgust:0.00,0.00,0.00,0.00,
fear:0.00,0.00,0.00,0.00,
happy:0.39,0.50,0.58,0.53,
sadness:0.15,0.15,0.14,0.14,
surprise:0.00,0.00,0.00,0.00,

7, dbn_3lys_1250_500_500_250
anger:0.47,0.45,0.45,0.44,
contempt:0.00,0.00,0.00,0.00,
disgust:0.00,0.00,0.00,0.00,
fear:0.00,0.00,0.00,0.00,
happy:0.38,0.41,0.39,0.42,
sadness:0.15,0.15,0.16,0.14,
surprise:0.00,0.00,0.00,0.00,

8, dbn_3lys_1250_500_500_500
anger:0.39,0.42,0.43,0.45,
contempt:0.00,0.00,0.00,0.00,
disgust:0.00,0.00,0.00,0.00,
fear:0.00,0.00,0.00,0.00,
happy:0.48,0.41,0.41,0.38,
sadness:0.12,0.18,0.16,0.16,
surprise:0.00,0.00,0.00,0.00,

0, dbn_3lys_1250_500_100_100
anger:0.16,0.12,0.16,0.14,
contempt:0.00,0.00,0.00,0.00,
disgust:0.00,0.00,0.00,0.00,
fear:0.00,0.00,0.00,0.00,
happy:0.68,0.80,0.75,0.75,
sadness:0.16,0.08,0.09,0.11,
surprise:0.00,0.00,0.00,0.00,

1, dbn_3lys_1250_500_100_250
anger:0.20,0.23,0.23,0.24,
contempt:0.00,0.00,0.00,0.00,
disgust:0.00,0.00,0.00,0.00,
fear:0.00,0.00,0.00,0.00,
happy:0.66,0.66,0.64,0.63,
sadness:0.15,0.12,0.13,0.13,
surprise:0.00,0.00,0.00,0.00,

2, dbn_3lys_1250_500_100_500
anger:0.19,0.24,0.24,0.26,
contempt:0.00,0.00,0.00,0.00,
disgust:0.00,0.00,0.00,0.00,
fear:0.00,0.00,0.00,0.00,
happy:0.67,0.61,0.64,0.60,
sadness:0.14,0.16,0.12,0.15,
surprise:0.00,0.00,0.00,0.00,

3, dbn_3lys_1250_500_250_100
anger:0.36,0.30,0.33,0.32,
contempt:0.00,0.00,0.00,0.00,
disgust:0.00,0.00,0.00,0.00,
fear:0.00,0.00,0.00,0.00,
happy:0.51,0.57,0.54,0.57,
sadness:0.13,0.13,0.13,0.12,
surprise:0.00,0.00,0.00,0.00,

4, dbn_3lys_1250_500_250_250
anger:0.37,0.37,0.34,0.37,
contempt:0.00,0.00,0.00,0.00,
disgust:0.00,0.00,0.00,0.00,
fear:0.00,0.00,0.00,0.00,
happy:0.45,0.43,0.47,0.47,
sadness:0.18,0.20,0.19,0.16,
surprise:0.00,0.00,0.00,0.00,

5, dbn_3lys_1250_500_250_500
anger:0.41,0.33,0.33,0.32,
contempt:0.00,0.00,0.00,0.00,
disgust:0.00,0.00,0.00,0.00,
fear:0.00,0.00,0.00,0.00,
happy:0.42,0.48,0.51,0.48,
sadness:0.18,0.18,0.16,0.19,
surprise:0.00,0.00,0.00,0.00,

6, dbn_3lys_1250_500_500_100
anger:0.28,0.27,0.29,0.33,
contempt:0.00,0.00,0.00,0.00,
disgust:0.00,0.00,0.00,0.00,
fear:0.00,0.00,0.00,0.00,
happy:0.59,0.57,0.54,0.52,
sadness:0.12,0.16,0.17,0.15,
surprise:0.00,0.00,0.00,0.00,

7, dbn_3lys_1250_500_500_250
anger:0.40,0.39,0.42,0.39,
contempt:0.00,0.00,0.00,0.00,
disgust:0.00,0.00,0.00,0.00,
fear:0.00,0.00,0.00,0.00,
happy:0.44,0.45,0.42,0.44,
sadness:0.16,0.16,0.16,0.16,
surprise:0.00,0.00,0.00,0.00,

8, dbn_3lys_1250_500_500_500
anger:0.37,0.37,0.38,0.36,
contempt:0.00,0.00,0.00,0.00,
disgust:0.00,0.00,0.00,0.00,
fear:0.00,0.00,0.00,0.00,
happy:0.50,0.47,0.42,0.45,
sadness:0.13,0.16,0.20,0.19,
surprise:0.00,0.00,0.00,0.00,

0, dbn_3lys_1250_500_100_100
anger:0.17,0.18,0.18,0.15,
contempt:0.00,0.00,0.00,0.00,
disgust:0.00,0.00,0.00,0.00,
fear:0.00,0.00,0.00,0.00,
happy:0.76,0.73,0.73,0.74,
sadness:0.07,0.09,0.09,0.11,
surprise:0.00,0.00,0.00,0.00,

1, dbn_3lys_1250_500_100_250
anger:0.28,0.25,0.28,0.25,
contempt:0.00,0.00,0.00,0.00,
disgust:0.00,0.00,0.00,0.00,
fear:0.00,0.00,0.00,0.00,
happy:0.63,0.64,0.61,0.64,
sadness:0.09,0.11,0.11,0.12,
surprise:0.00,0.00,0.00,0.00,

2, dbn_3lys_1250_500_100_500
anger:0.27,0.28,0.26,0.27,
contempt:0.00,0.00,0.00,0.00,
disgust:0.00,0.00,0.00,0.00,
fear:0.00,0.00,0.00,0.00,
happy:0.63,0.62,0.61,0.62,
sadness:0.09,0.10,0.13,0.11,
surprise:0.00,0.00,0.00,0.00,

3, dbn_3lys_1250_500_250_100
anger:0.22,0.24,0.22,0.25,
contempt:0.00,0.00,0.00,0.00,
disgust:0.00,0.00,0.00,0.00,
fear:0.00,0.00,0.00,0.00,
happy:0.64,0.61,0.63,0.61,
sadness:0.14,0.15,0.15,0.15,
surprise:0.00,0.00,0.00,0.00,

4, dbn_3lys_1250_500_250_250
anger:0.39,0.33,0.30,0.30,
contempt:0.00,0.00,0.00,0.00,
disgust:0.00,0.00,0.00,0.00,
fear:0.00,0.00,0.00,0.00,
happy:0.48,0.51,0.56,0.58,
sadness:0.13,0.16,0.14,0.13,
surprise:0.00,0.00,0.00,0.00,

5, dbn_3lys_1250_500_250_500
anger:0.27,0.25,0.25,0.25,
contempt:0.00,0.00,0.00,0.00,
disgust:0.00,0.00,0.00,0.00,
fear:0.00,0.00,0.00,0.00,
happy:0.61,0.60,0.62,0.61,
sadness:0.12,0.15,0.13,0.14,
surprise:0.00,0.00,0.00,0.00,

6, dbn_3lys_1250_500_500_100
anger:0.29,0.30,0.29,0.32,
contempt:0.00,0.00,0.00,0.00,
disgust:0.00,0.00,0.00,0.00,
fear:0.00,0.00,0.00,0.00,
happy:0.58,0.54,0.56,0.52,
sadness:0.13,0.16,0.15,0.16,
surprise:0.00,0.00,0.00,0.00,

7, dbn_3lys_1250_500_500_250
anger:0.39,0.41,0.42,0.42,
contempt:0.00,0.00,0.00,0.00,
disgust:0.00,0.00,0.00,0.00,
fear:0.00,0.00,0.00,0.00,
happy:0.47,0.44,0.41,0.44,
sadness:0.14,0.15,0.17,0.14,
surprise:0.00,0.00,0.00,0.00,

8, dbn_3lys_1250_500_500_500
anger:0.38,0.39,0.41,0.41,
contempt:0.00,0.00,0.00,0.00,
disgust:0.00,0.00,0.00,0.00,
fear:0.00,0.00,0.00,0.00,
happy:0.46,0.44,0.44,0.45,
sadness:0.16,0.17,0.16,0.14,
surprise:0.00,0.00,0.00,0.00,

0, dbn_3lys_1250_500_100_100
anger:0.19,0.19,0.19,0.17,
contempt:0.00,0.00,0.00,0.00,
disgust:0.00,0.00,0.00,0.00,
fear:0.00,0.00,0.00,0.00,
happy:0.76,0.76,0.74,0.75,
sadness:0.05,0.05,0.07,0.08,
surprise:0.00,0.00,0.00,0.00,

1, dbn_3lys_1250_500_100_250
anger:0.25,0.24,0.26,0.27,
contempt:0.00,0.00,0.00,0.00,
disgust:0.00,0.00,0.00,0.00,
fear:0.00,0.00,0.00,0.00,
happy:0.57,0.64,0.58,0.59,
sadness:0.18,0.12,0.16,0.14,
surprise:0.00,0.00,0.00,0.00,

2, dbn_3lys_1250_500_100_500
anger:0.24,0.28,0.28,0.27,
contempt:0.00,0.00,0.00,0.00,
disgust:0.00,0.00,0.00,0.00,
fear:0.00,0.00,0.00,0.00,
happy:0.63,0.61,0.58,0.57,
sadness:0.13,0.11,0.13,0.16,
surprise:0.00,0.00,0.00,0.00,

3, dbn_3lys_1250_500_250_100
anger:0.25,0.33,0.27,0.30,
contempt:0.00,0.00,0.00,0.00,
disgust:0.00,0.00,0.00,0.00,
fear:0.00,0.00,0.00,0.00,
happy:0.64,0.58,0.63,0.60,
sadness:0.11,0.09,0.10,0.09,
surprise:0.00,0.00,0.00,0.00,

4, dbn_3lys_1250_500_250_250
anger:0.22,0.21,0.21,0.29,
contempt:0.00,0.00,0.00,0.00,
disgust:0.00,0.00,0.00,0.00,
fear:0.00,0.00,0.00,0.00,
happy:0.62,0.61,0.63,0.54,
sadness:0.16,0.18,0.16,0.17,
surprise:0.00,0.00,0.00,0.00,

5, dbn_3lys_1250_500_250_500
anger:0.26,0.23,0.26,0.25,
contempt:0.00,0.00,0.00,0.00,
disgust:0.00,0.00,0.00,0.00,
fear:0.00,0.00,0.00,0.00,
happy:0.61,0.64,0.58,0.59,
sadness:0.13,0.13,0.15,0.16,
surprise:0.00,0.00,0.00,0.00,

6, dbn_3lys_1250_500_500_100
anger:0.44,0.35,0.38,0.35,
contempt:0.00,0.00,0.00,0.00,
disgust:0.00,0.00,0.00,0.00,
fear:0.00,0.00,0.00,0.00,
happy:0.39,0.47,0.44,0.45,
sadness:0.17,0.18,0.17,0.20,
surprise:0.00,0.00,0.00,0.00,

7, dbn_3lys_1250_500_500_250
anger:0.44,0.43,0.39,0.41,
contempt:0.00,0.00,0.00,0.00,
disgust:0.00,0.00,0.00,0.00,
fear:0.00,0.00,0.00,0.00,
happy:0.39,0.41,0.42,0.43,
sadness:0.17,0.16,0.19,0.16,
surprise:0.00,0.00,0.00,0.00,

8, dbn_3lys_1250_500_500_500
anger:0.44,0.40,0.45,0.40,
contempt:0.00,0.00,0.00,0.00,
disgust:0.00,0.00,0.00,0.00,
fear:0.00,0.00,0.00,0.00,
happy:0.41,0.41,0.40,0.42,
sadness:0.15,0.19,0.15,0.18,
surprise:0.00,0.00,0.00,0.00,


