ExperimentADBN625
ldbn_2lys_625_500_250_rdbn_2lys_625_500_250_t50
active_h
anger:0.08,0.04,0.02,0.02,
contempt:0.00,0.00,0.00,0.00,
disgust:0.00,0.00,0.00,0.00,
fear:0.00,0.00,0.00,0.00,
happy:0.84,0.91,0.92,0.92,
sadness:0.08,0.05,0.06,0.06,
surprise:0.00,0.00,0.00,0.00,
v_noisy_active_h
anger:0.08,0.05,0.04,0.04,
contempt:0.00,0.00,0.00,0.00,
disgust:0.00,0.00,0.00,0.00,
fear:0.00,0.00,0.00,0.00,
happy:0.84,0.87,0.90,0.89,
sadness:0.08,0.08,0.06,0.07,
surprise:0.00,0.00,0.00,0.00,
zero
anger:0.08,0.17,0.19,0.18,
contempt:0.00,0.00,0.00,0.00,
disgust:0.00,0.00,0.00,0.00,
fear:0.00,0.00,0.00,0.00,
happy:0.84,0.62,0.64,0.65,
sadness:0.08,0.21,0.17,0.16,
surprise:0.00,0.00,0.00,0.00,
binomial0.1
anger:0.08,0.06,0.04,0.05,
contempt:0.00,0.00,0.00,0.00,
disgust:0.00,0.00,0.00,0.00,
fear:0.00,0.00,0.00,0.00,
happy:0.84,0.84,0.86,0.87,
sadness:0.08,0.10,0.10,0.08,
surprise:0.00,0.00,0.00,0.00,

ldbn_2lys_625_500_250_rdbn_2lys_625_500_250_t100
active_h
anger:0.09,0.07,0.01,0.03,
contempt:0.00,0.00,0.00,0.00,
disgust:0.00,0.00,0.00,0.00,
fear:0.00,0.00,0.00,0.00,
happy:0.82,0.80,0.90,0.88,
sadness:0.09,0.13,0.08,0.08,
surprise:0.00,0.00,0.00,0.00,
v_noisy_active_h
anger:0.09,0.06,0.03,0.04,
contempt:0.00,0.00,0.00,0.00,
disgust:0.00,0.00,0.00,0.00,
fear:0.00,0.00,0.00,0.00,
happy:0.82,0.82,0.86,0.86,
sadness:0.09,0.11,0.11,0.09,
surprise:0.00,0.00,0.00,0.00,
zero
anger:0.09,0.21,0.23,0.23,
contempt:0.00,0.00,0.00,0.00,
disgust:0.00,0.00,0.00,0.00,
fear:0.00,0.00,0.00,0.00,
happy:0.82,0.52,0.58,0.58,
sadness:0.09,0.27,0.19,0.18,
surprise:0.00,0.00,0.00,0.00,
binomial0.1
anger:0.09,0.08,0.05,0.06,
contempt:0.00,0.00,0.00,0.00,
disgust:0.00,0.00,0.00,0.00,
fear:0.00,0.00,0.00,0.00,
happy:0.82,0.78,0.84,0.81,
sadness:0.09,0.14,0.11,0.13,
surprise:0.00,0.00,0.00,0.00,

ldbn_2lys_625_500_250_rdbn_2lys_625_500_250_t250
active_h
anger:0.15,0.26,0.29,0.19,
contempt:0.00,0.00,0.00,0.00,
disgust:0.00,0.00,0.00,0.00,
fear:0.00,0.00,0.00,0.00,
happy:0.73,0.53,0.55,0.65,
sadness:0.12,0.21,0.16,0.16,
surprise:0.00,0.00,0.00,0.00,
v_noisy_active_h
anger:0.15,0.26,0.27,0.19,
contempt:0.00,0.00,0.00,0.00,
disgust:0.00,0.00,0.00,0.00,
fear:0.00,0.00,0.00,0.00,
happy:0.73,0.55,0.58,0.63,
sadness:0.12,0.19,0.15,0.18,
surprise:0.00,0.00,0.00,0.00,
zero
anger:0.15,0.24,0.32,0.22,
contempt:0.00,0.00,0.00,0.00,
disgust:0.00,0.00,0.00,0.00,
fear:0.00,0.00,0.00,0.00,
happy:0.73,0.53,0.52,0.59,
sadness:0.12,0.23,0.16,0.19,
surprise:0.00,0.00,0.00,0.00,
binomial0.1
anger:0.15,0.25,0.25,0.17,
contempt:0.00,0.00,0.00,0.00,
disgust:0.00,0.00,0.00,0.00,
fear:0.00,0.00,0.00,0.00,
happy:0.73,0.56,0.60,0.66,
sadness:0.12,0.19,0.15,0.17,
surprise:0.00,0.00,0.00,0.00,

ldbn_2lys_625_500_250_rdbn_2lys_625_500_250_t50
active_h
anger:0.09,0.04,0.05,0.08,
contempt:0.00,0.00,0.00,0.00,
disgust:0.00,0.00,0.00,0.00,
fear:0.00,0.00,0.00,0.00,
happy:0.83,0.93,0.90,0.83,
sadness:0.08,0.04,0.05,0.09,
surprise:0.00,0.00,0.00,0.00,
v_noisy_active_h
anger:0.09,0.03,0.04,0.08,
contempt:0.00,0.00,0.00,0.00,
disgust:0.00,0.00,0.00,0.00,
fear:0.00,0.00,0.00,0.00,
happy:0.83,0.92,0.91,0.84,
sadness:0.08,0.05,0.05,0.07,
surprise:0.00,0.00,0.00,0.00,
zero
anger:0.09,0.03,0.07,0.09,
contempt:0.00,0.00,0.00,0.00,
disgust:0.00,0.00,0.00,0.00,
fear:0.00,0.00,0.00,0.00,
happy:0.83,0.92,0.87,0.81,
sadness:0.08,0.04,0.07,0.10,
surprise:0.00,0.00,0.00,0.00,
binomial0.1
anger:0.09,0.04,0.04,0.08,
contempt:0.00,0.00,0.00,0.00,
disgust:0.00,0.00,0.00,0.00,
fear:0.00,0.00,0.00,0.00,
happy:0.83,0.92,0.91,0.83,
sadness:0.08,0.04,0.05,0.09,
surprise:0.00,0.00,0.00,0.00,

ldbn_2lys_625_500_250_rdbn_2lys_625_500_250_t100
active_h
anger:0.08,0.03,0.08,0.06,
contempt:0.00,0.00,0.00,0.00,
disgust:0.00,0.00,0.00,0.00,
fear:0.00,0.00,0.00,0.00,
happy:0.83,0.89,0.85,0.84,
sadness:0.09,0.08,0.07,0.10,
surprise:0.00,0.00,0.00,0.00,
v_noisy_active_h
anger:0.08,0.05,0.07,0.08,
contempt:0.00,0.00,0.00,0.00,
disgust:0.00,0.00,0.00,0.00,
fear:0.00,0.00,0.00,0.00,
happy:0.83,0.89,0.86,0.82,
sadness:0.09,0.06,0.07,0.10,
surprise:0.00,0.00,0.00,0.00,
zero
anger:0.08,0.06,0.09,0.08,
contempt:0.00,0.00,0.00,0.00,
disgust:0.00,0.00,0.00,0.00,
fear:0.00,0.00,0.00,0.00,
happy:0.83,0.83,0.81,0.78,
sadness:0.09,0.11,0.10,0.13,
surprise:0.00,0.00,0.00,0.00,
binomial0.1
anger:0.08,0.05,0.07,0.06,
contempt:0.00,0.00,0.00,0.00,
disgust:0.00,0.00,0.00,0.00,
fear:0.00,0.00,0.00,0.00,
happy:0.83,0.90,0.85,0.81,
sadness:0.09,0.06,0.08,0.13,
surprise:0.00,0.00,0.00,0.00,

ldbn_2lys_625_500_250_rdbn_2lys_625_500_250_t250
active_h
anger:0.12,0.09,0.13,0.13,
contempt:0.00,0.00,0.00,0.00,
disgust:0.00,0.00,0.00,0.00,
fear:0.00,0.00,0.00,0.00,
happy:0.76,0.73,0.69,0.67,
sadness:0.12,0.17,0.18,0.20,
surprise:0.00,0.00,0.00,0.00,
v_noisy_active_h
anger:0.12,0.10,0.11,0.15,
contempt:0.00,0.00,0.00,0.00,
disgust:0.00,0.00,0.00,0.00,
fear:0.00,0.00,0.00,0.00,
happy:0.76,0.75,0.71,0.66,
sadness:0.12,0.16,0.17,0.19,
surprise:0.00,0.00,0.00,0.00,
zero
anger:0.12,0.12,0.15,0.14,
contempt:0.00,0.00,0.00,0.00,
disgust:0.00,0.00,0.00,0.00,
fear:0.00,0.00,0.00,0.00,
happy:0.76,0.68,0.65,0.63,
sadness:0.12,0.20,0.19,0.23,
surprise:0.00,0.00,0.00,0.00,
binomial0.1
anger:0.12,0.09,0.13,0.12,
contempt:0.00,0.00,0.00,0.00,
disgust:0.00,0.00,0.00,0.00,
fear:0.00,0.00,0.00,0.00,
happy:0.76,0.71,0.70,0.63,
sadness:0.12,0.20,0.17,0.24,
surprise:0.00,0.00,0.00,0.00,

ldbn_2lys_625_500_250_rdbn_2lys_625_500_250_t50
active_h
anger:0.11,0.24,0.18,0.26,
contempt:0.00,0.00,0.00,0.00,
disgust:0.00,0.00,0.00,0.00,
fear:0.00,0.00,0.00,0.00,
happy:0.74,0.51,0.66,0.49,
sadness:0.15,0.25,0.16,0.25,
surprise:0.00,0.00,0.00,0.00,
v_noisy_active_h
anger:0.11,0.25,0.15,0.26,
contempt:0.00,0.00,0.00,0.00,
disgust:0.00,0.00,0.00,0.00,
fear:0.00,0.00,0.00,0.00,
happy:0.74,0.49,0.63,0.50,
sadness:0.15,0.27,0.22,0.24,
surprise:0.00,0.00,0.00,0.00,
zero
anger:0.11,0.28,0.15,0.27,
contempt:0.00,0.00,0.00,0.00,
disgust:0.00,0.00,0.00,0.00,
fear:0.00,0.00,0.00,0.00,
happy:0.74,0.45,0.64,0.48,
sadness:0.15,0.27,0.21,0.25,
surprise:0.00,0.00,0.00,0.00,
binomial0.1
anger:0.11,0.29,0.17,0.23,
contempt:0.00,0.00,0.00,0.00,
disgust:0.00,0.00,0.00,0.00,
fear:0.00,0.00,0.00,0.00,
happy:0.74,0.47,0.61,0.50,
sadness:0.15,0.24,0.21,0.27,
surprise:0.00,0.00,0.00,0.00,

ldbn_2lys_625_500_250_rdbn_2lys_625_500_250_t100
active_h
anger:0.11,0.26,0.18,0.25,
contempt:0.00,0.00,0.00,0.00,
disgust:0.00,0.00,0.00,0.00,
fear:0.00,0.00,0.00,0.00,
happy:0.74,0.50,0.61,0.48,
sadness:0.15,0.25,0.22,0.26,
surprise:0.00,0.00,0.00,0.00,
v_noisy_active_h
anger:0.11,0.21,0.18,0.29,
contempt:0.00,0.00,0.00,0.00,
disgust:0.00,0.00,0.00,0.00,
fear:0.00,0.00,0.00,0.00,
happy:0.74,0.48,0.59,0.46,
sadness:0.15,0.30,0.23,0.26,
surprise:0.00,0.00,0.00,0.00,
zero
anger:0.11,0.27,0.19,0.29,
contempt:0.00,0.00,0.00,0.00,
disgust:0.00,0.00,0.00,0.00,
fear:0.00,0.00,0.00,0.00,
happy:0.74,0.47,0.60,0.44,
sadness:0.15,0.26,0.22,0.26,
surprise:0.00,0.00,0.00,0.00,
binomial0.1
anger:0.11,0.26,0.18,0.28,
contempt:0.00,0.00,0.00,0.00,
disgust:0.00,0.00,0.00,0.00,
fear:0.00,0.00,0.00,0.00,
happy:0.74,0.48,0.60,0.44,
sadness:0.15,0.26,0.22,0.28,
surprise:0.00,0.00,0.00,0.00,

ldbn_2lys_625_500_250_rdbn_2lys_625_500_250_t250
active_h
anger:0.12,0.29,0.18,0.27,
contempt:0.00,0.00,0.00,0.00,
disgust:0.00,0.00,0.00,0.00,
fear:0.00,0.00,0.00,0.00,
happy:0.74,0.50,0.64,0.45,
sadness:0.14,0.21,0.18,0.28,
surprise:0.00,0.00,0.00,0.00,
v_noisy_active_h
anger:0.12,0.24,0.17,0.27,
contempt:0.00,0.00,0.00,0.00,
disgust:0.00,0.00,0.00,0.00,
fear:0.00,0.00,0.00,0.00,
happy:0.74,0.49,0.62,0.41,
sadness:0.14,0.27,0.21,0.32,
surprise:0.00,0.00,0.00,0.00,
zero
anger:0.12,0.29,0.17,0.28,
contempt:0.00,0.00,0.00,0.00,
disgust:0.00,0.00,0.00,0.00,
fear:0.00,0.00,0.00,0.00,
happy:0.74,0.46,0.64,0.45,
sadness:0.14,0.26,0.19,0.28,
surprise:0.00,0.00,0.00,0.00,
binomial0.1
anger:0.12,0.28,0.18,0.26,
contempt:0.00,0.00,0.00,0.00,
disgust:0.00,0.00,0.00,0.00,
fear:0.00,0.00,0.00,0.00,
happy:0.74,0.47,0.62,0.43,
sadness:0.14,0.25,0.21,0.31,
surprise:0.00,0.00,0.00,0.00,

ldbn_2lys_625_500_250_rdbn_2lys_625_500_250_t50
active_h
anger:0.06,0.03,0.04,0.04,
contempt:0.00,0.00,0.00,0.00,
disgust:0.00,0.00,0.00,0.00,
fear:0.00,0.00,0.00,0.00,
happy:0.85,0.91,0.90,0.91,
sadness:0.09,0.06,0.06,0.05,
surprise:0.00,0.00,0.00,0.00,
v_noisy_active_h
anger:0.06,0.04,0.07,0.05,
contempt:0.00,0.00,0.00,0.00,
disgust:0.00,0.00,0.00,0.00,
fear:0.00,0.00,0.00,0.00,
happy:0.85,0.88,0.86,0.87,
sadness:0.09,0.08,0.08,0.08,
surprise:0.00,0.00,0.00,0.00,
zero
anger:0.06,0.23,0.24,0.30,
contempt:0.00,0.00,0.00,0.00,
disgust:0.00,0.00,0.00,0.00,
fear:0.00,0.00,0.00,0.00,
happy:0.85,0.59,0.59,0.51,
sadness:0.09,0.18,0.17,0.19,
surprise:0.00,0.00,0.00,0.00,
binomial0.1
anger:0.06,0.06,0.06,0.07,
contempt:0.00,0.00,0.00,0.00,
disgust:0.00,0.00,0.00,0.00,
fear:0.00,0.00,0.00,0.00,
happy:0.85,0.84,0.86,0.84,
sadness:0.09,0.10,0.09,0.09,
surprise:0.00,0.00,0.00,0.00,

ldbn_2lys_625_500_250_rdbn_2lys_625_500_250_t100
active_h
anger:0.06,0.12,0.08,0.05,
contempt:0.00,0.00,0.00,0.00,
disgust:0.00,0.00,0.00,0.00,
fear:0.00,0.00,0.00,0.00,
happy:0.84,0.77,0.81,0.84,
sadness:0.10,0.12,0.10,0.11,
surprise:0.00,0.00,0.00,0.00,
v_noisy_active_h
anger:0.06,0.15,0.11,0.06,
contempt:0.00,0.00,0.00,0.00,
disgust:0.00,0.00,0.00,0.00,
fear:0.00,0.00,0.00,0.00,
happy:0.84,0.74,0.79,0.82,
sadness:0.10,0.11,0.10,0.13,
surprise:0.00,0.00,0.00,0.00,
zero
anger:0.06,0.34,0.34,0.28,
contempt:0.00,0.00,0.00,0.00,
disgust:0.00,0.00,0.00,0.00,
fear:0.00,0.00,0.00,0.00,
happy:0.84,0.48,0.46,0.53,
sadness:0.10,0.18,0.20,0.19,
surprise:0.00,0.00,0.00,0.00,
binomial0.1
anger:0.06,0.12,0.10,0.07,
contempt:0.00,0.00,0.00,0.00,
disgust:0.00,0.00,0.00,0.00,
fear:0.00,0.00,0.00,0.00,
happy:0.84,0.73,0.76,0.79,
sadness:0.10,0.15,0.15,0.14,
surprise:0.00,0.00,0.00,0.00,

ldbn_2lys_625_500_250_rdbn_2lys_625_500_250_t250
active_h
anger:0.10,0.35,0.37,0.31,
contempt:0.00,0.00,0.00,0.00,
disgust:0.00,0.00,0.00,0.00,
fear:0.00,0.00,0.00,0.00,
happy:0.73,0.45,0.42,0.46,
sadness:0.17,0.19,0.22,0.23,
surprise:0.00,0.00,0.00,0.00,
v_noisy_active_h
anger:0.10,0.38,0.31,0.29,
contempt:0.00,0.00,0.00,0.00,
disgust:0.00,0.00,0.00,0.00,
fear:0.00,0.00,0.00,0.00,
happy:0.73,0.44,0.45,0.48,
sadness:0.17,0.18,0.24,0.23,
surprise:0.00,0.00,0.00,0.00,
zero
anger:0.10,0.37,0.36,0.33,
contempt:0.00,0.00,0.00,0.00,
disgust:0.00,0.00,0.00,0.00,
fear:0.00,0.00,0.00,0.00,
happy:0.73,0.45,0.39,0.45,
sadness:0.17,0.18,0.25,0.23,
surprise:0.00,0.00,0.00,0.00,
binomial0.1
anger:0.10,0.32,0.26,0.24,
contempt:0.00,0.00,0.00,0.00,
disgust:0.00,0.00,0.00,0.00,
fear:0.00,0.00,0.00,0.00,
happy:0.73,0.49,0.52,0.56,
sadness:0.17,0.19,0.22,0.20,
surprise:0.00,0.00,0.00,0.00,

ldbn_2lys_625_500_250_rdbn_2lys_625_500_250_t50
active_h
anger:0.02,0.00,0.01,0.02,
contempt:0.00,0.00,0.00,0.00,
disgust:0.00,0.00,0.00,0.00,
fear:0.00,0.00,0.00,0.00,
happy:0.96,0.98,0.96,0.94,
sadness:0.01,0.01,0.02,0.05,
surprise:0.00,0.00,0.00,0.00,
v_noisy_active_h
anger:0.02,0.01,0.01,0.02,
contempt:0.00,0.00,0.00,0.00,
disgust:0.00,0.00,0.00,0.00,
fear:0.00,0.00,0.00,0.00,
happy:0.96,0.96,0.96,0.96,
sadness:0.01,0.03,0.03,0.02,
surprise:0.00,0.00,0.00,0.00,
zero
anger:0.02,0.01,0.02,0.03,
contempt:0.00,0.00,0.00,0.00,
disgust:0.00,0.00,0.00,0.00,
fear:0.00,0.00,0.00,0.00,
happy:0.96,0.96,0.95,0.91,
sadness:0.01,0.03,0.03,0.06,
surprise:0.00,0.00,0.00,0.00,
binomial0.1
anger:0.02,0.01,0.02,0.03,
contempt:0.00,0.00,0.00,0.00,
disgust:0.00,0.00,0.00,0.00,
fear:0.00,0.00,0.00,0.00,
happy:0.96,0.97,0.96,0.94,
sadness:0.01,0.02,0.02,0.03,
surprise:0.00,0.00,0.00,0.00,

ldbn_2lys_625_500_250_rdbn_2lys_625_500_250_t100
active_h
anger:0.03,0.00,0.03,0.03,
contempt:0.00,0.00,0.00,0.00,
disgust:0.00,0.00,0.00,0.00,
fear:0.00,0.00,0.00,0.00,
happy:0.94,0.95,0.90,0.87,
sadness:0.03,0.05,0.07,0.09,
surprise:0.00,0.00,0.00,0.00,
v_noisy_active_h
anger:0.03,0.01,0.03,0.06,
contempt:0.00,0.00,0.00,0.00,
disgust:0.00,0.00,0.00,0.00,
fear:0.00,0.00,0.00,0.00,
happy:0.94,0.93,0.90,0.88,
sadness:0.03,0.05,0.07,0.06,
surprise:0.00,0.00,0.00,0.00,
zero
anger:0.03,0.01,0.07,0.07,
contempt:0.00,0.00,0.00,0.00,
disgust:0.00,0.00,0.00,0.00,
fear:0.00,0.00,0.00,0.00,
happy:0.94,0.93,0.83,0.82,
sadness:0.03,0.06,0.10,0.11,
surprise:0.00,0.00,0.00,0.00,
binomial0.1
anger:0.03,0.01,0.05,0.05,
contempt:0.00,0.00,0.00,0.00,
disgust:0.00,0.00,0.00,0.00,
fear:0.00,0.00,0.00,0.00,
happy:0.94,0.94,0.89,0.87,
sadness:0.03,0.04,0.06,0.08,
surprise:0.00,0.00,0.00,0.00,

ldbn_2lys_625_500_250_rdbn_2lys_625_500_250_t250
active_h
anger:0.08,0.08,0.13,0.17,
contempt:0.00,0.00,0.00,0.00,
disgust:0.00,0.00,0.00,0.00,
fear:0.00,0.00,0.00,0.00,
happy:0.85,0.78,0.72,0.62,
sadness:0.08,0.14,0.15,0.20,
surprise:0.00,0.00,0.00,0.00,
v_noisy_active_h
anger:0.08,0.07,0.12,0.15,
contempt:0.00,0.00,0.00,0.00,
disgust:0.00,0.00,0.00,0.00,
fear:0.00,0.00,0.00,0.00,
happy:0.85,0.80,0.73,0.67,
sadness:0.08,0.13,0.15,0.18,
surprise:0.00,0.00,0.00,0.00,
zero
anger:0.08,0.14,0.17,0.20,
contempt:0.00,0.00,0.00,0.00,
disgust:0.00,0.00,0.00,0.00,
fear:0.00,0.00,0.00,0.00,
happy:0.85,0.68,0.62,0.56,
sadness:0.08,0.18,0.22,0.24,
surprise:0.00,0.00,0.00,0.00,
binomial0.1
anger:0.08,0.10,0.14,0.20,
contempt:0.00,0.00,0.00,0.00,
disgust:0.00,0.00,0.00,0.00,
fear:0.00,0.00,0.00,0.00,
happy:0.85,0.73,0.67,0.59,
sadness:0.08,0.16,0.19,0.22,
surprise:0.00,0.00,0.00,0.00,

ldbn_2lys_625_500_250_rdbn_2lys_625_500_250_t50
active_h
anger:0.17,0.16,0.30,0.15,
contempt:0.00,0.00,0.00,0.00,
disgust:0.00,0.00,0.00,0.00,
fear:0.00,0.00,0.00,0.00,
happy:0.53,0.67,0.54,0.63,
sadness:0.30,0.17,0.16,0.22,
surprise:0.00,0.00,0.00,0.00,
v_noisy_active_h
anger:0.17,0.17,0.30,0.15,
contempt:0.00,0.00,0.00,0.00,
disgust:0.00,0.00,0.00,0.00,
fear:0.00,0.00,0.00,0.00,
happy:0.53,0.70,0.52,0.64,
sadness:0.30,0.14,0.18,0.21,
surprise:0.00,0.00,0.00,0.00,
zero
anger:0.17,0.18,0.31,0.17,
contempt:0.00,0.00,0.00,0.00,
disgust:0.00,0.00,0.00,0.00,
fear:0.00,0.00,0.00,0.00,
happy:0.53,0.67,0.54,0.62,
sadness:0.30,0.15,0.15,0.22,
surprise:0.00,0.00,0.00,0.00,
binomial0.1
anger:0.17,0.17,0.31,0.15,
contempt:0.00,0.00,0.00,0.00,
disgust:0.00,0.00,0.00,0.00,
fear:0.00,0.00,0.00,0.00,
happy:0.53,0.69,0.53,0.65,
sadness:0.30,0.15,0.16,0.20,
surprise:0.00,0.00,0.00,0.00,

ldbn_2lys_625_500_250_rdbn_2lys_625_500_250_t100
active_h
anger:0.18,0.16,0.33,0.17,
contempt:0.00,0.00,0.00,0.00,
disgust:0.00,0.00,0.00,0.00,
fear:0.00,0.00,0.00,0.00,
happy:0.54,0.66,0.50,0.63,
sadness:0.28,0.18,0.17,0.20,
surprise:0.00,0.00,0.00,0.00,
v_noisy_active_h
anger:0.18,0.18,0.33,0.14,
contempt:0.00,0.00,0.00,0.00,
disgust:0.00,0.00,0.00,0.00,
fear:0.00,0.00,0.00,0.00,
happy:0.54,0.64,0.48,0.63,
sadness:0.28,0.18,0.19,0.23,
surprise:0.00,0.00,0.00,0.00,
zero
anger:0.18,0.17,0.32,0.15,
contempt:0.00,0.00,0.00,0.00,
disgust:0.00,0.00,0.00,0.00,
fear:0.00,0.00,0.00,0.00,
happy:0.54,0.63,0.49,0.62,
sadness:0.28,0.19,0.19,0.23,
surprise:0.00,0.00,0.00,0.00,
binomial0.1
anger:0.18,0.20,0.33,0.16,
contempt:0.00,0.00,0.00,0.00,
disgust:0.00,0.00,0.00,0.00,
fear:0.00,0.00,0.00,0.00,
happy:0.54,0.64,0.50,0.64,
sadness:0.28,0.16,0.17,0.21,
surprise:0.00,0.00,0.00,0.00,

ldbn_2lys_625_500_250_rdbn_2lys_625_500_250_t250
active_h
anger:0.18,0.17,0.33,0.17,
contempt:0.00,0.00,0.00,0.00,
disgust:0.00,0.00,0.00,0.00,
fear:0.00,0.00,0.00,0.00,
happy:0.55,0.67,0.52,0.61,
sadness:0.26,0.17,0.15,0.22,
surprise:0.00,0.00,0.00,0.00,
v_noisy_active_h
anger:0.18,0.17,0.32,0.16,
contempt:0.00,0.00,0.00,0.00,
disgust:0.00,0.00,0.00,0.00,
fear:0.00,0.00,0.00,0.00,
happy:0.55,0.67,0.50,0.61,
sadness:0.26,0.16,0.18,0.23,
surprise:0.00,0.00,0.00,0.00,
zero
anger:0.18,0.17,0.35,0.16,
contempt:0.00,0.00,0.00,0.00,
disgust:0.00,0.00,0.00,0.00,
fear:0.00,0.00,0.00,0.00,
happy:0.55,0.65,0.50,0.59,
sadness:0.26,0.18,0.15,0.25,
surprise:0.00,0.00,0.00,0.00,
binomial0.1
anger:0.18,0.19,0.32,0.14,
contempt:0.00,0.00,0.00,0.00,
disgust:0.00,0.00,0.00,0.00,
fear:0.00,0.00,0.00,0.00,
happy:0.55,0.68,0.52,0.62,
sadness:0.26,0.14,0.16,0.24,
surprise:0.00,0.00,0.00,0.00,

ldbn_2lys_625_500_250_rdbn_2lys_625_500_250_t50
active_h
anger:0.09,0.04,0.04,0.03,
contempt:0.00,0.00,0.00,0.00,
disgust:0.00,0.00,0.00,0.00,
fear:0.00,0.00,0.00,0.00,
happy:0.80,0.90,0.88,0.90,
sadness:0.11,0.06,0.08,0.07,
surprise:0.00,0.00,0.00,0.00,
v_noisy_active_h
anger:0.09,0.05,0.06,0.04,
contempt:0.00,0.00,0.00,0.00,
disgust:0.00,0.00,0.00,0.00,
fear:0.00,0.00,0.00,0.00,
happy:0.80,0.85,0.84,0.85,
sadness:0.11,0.10,0.10,0.10,
surprise:0.00,0.00,0.00,0.00,
zero
anger:0.09,0.27,0.32,0.27,
contempt:0.00,0.00,0.00,0.00,
disgust:0.00,0.00,0.00,0.00,
fear:0.00,0.00,0.00,0.00,
happy:0.80,0.50,0.43,0.48,
sadness:0.11,0.22,0.25,0.25,
surprise:0.00,0.00,0.00,0.00,
binomial0.1
anger:0.09,0.05,0.06,0.05,
contempt:0.00,0.00,0.00,0.00,
disgust:0.00,0.00,0.00,0.00,
fear:0.00,0.00,0.00,0.00,
happy:0.80,0.82,0.81,0.82,
sadness:0.11,0.13,0.13,0.14,
surprise:0.00,0.00,0.00,0.00,

ldbn_2lys_625_500_250_rdbn_2lys_625_500_250_t100
active_h
anger:0.12,0.15,0.11,0.06,
contempt:0.00,0.00,0.00,0.00,
disgust:0.00,0.00,0.00,0.00,
fear:0.00,0.00,0.00,0.00,
happy:0.75,0.63,0.68,0.75,
sadness:0.13,0.22,0.22,0.19,
surprise:0.00,0.00,0.00,0.00,
v_noisy_active_h
anger:0.12,0.15,0.13,0.09,
contempt:0.00,0.00,0.00,0.00,
disgust:0.00,0.00,0.00,0.00,
fear:0.00,0.00,0.00,0.00,
happy:0.75,0.67,0.69,0.75,
sadness:0.13,0.18,0.18,0.16,
surprise:0.00,0.00,0.00,0.00,
zero
anger:0.12,0.31,0.39,0.34,
contempt:0.00,0.00,0.00,0.00,
disgust:0.00,0.00,0.00,0.00,
fear:0.00,0.00,0.00,0.00,
happy:0.75,0.43,0.37,0.41,
sadness:0.13,0.26,0.24,0.25,
surprise:0.00,0.00,0.00,0.00,
binomial0.1
anger:0.12,0.14,0.10,0.10,
contempt:0.00,0.00,0.00,0.00,
disgust:0.00,0.00,0.00,0.00,
fear:0.00,0.00,0.00,0.00,
happy:0.75,0.69,0.70,0.74,
sadness:0.13,0.17,0.19,0.16,
surprise:0.00,0.00,0.00,0.00,

ldbn_2lys_625_500_250_rdbn_2lys_625_500_250_t250
active_h
anger:0.18,0.28,0.47,0.33,
contempt:0.00,0.00,0.00,0.00,
disgust:0.00,0.00,0.00,0.00,
fear:0.00,0.00,0.00,0.00,
happy:0.66,0.49,0.33,0.37,
sadness:0.17,0.23,0.20,0.30,
surprise:0.00,0.00,0.00,0.00,
v_noisy_active_h
anger:0.18,0.29,0.44,0.33,
contempt:0.00,0.00,0.00,0.00,
disgust:0.00,0.00,0.00,0.00,
fear:0.00,0.00,0.00,0.00,
happy:0.66,0.48,0.36,0.39,
sadness:0.17,0.22,0.20,0.29,
surprise:0.00,0.00,0.00,0.00,
zero
anger:0.18,0.30,0.45,0.32,
contempt:0.00,0.00,0.00,0.00,
disgust:0.00,0.00,0.00,0.00,
fear:0.00,0.00,0.00,0.00,
happy:0.66,0.49,0.34,0.40,
sadness:0.17,0.20,0.22,0.29,
surprise:0.00,0.00,0.00,0.00,
binomial0.1
anger:0.18,0.28,0.42,0.28,
contempt:0.00,0.00,0.00,0.00,
disgust:0.00,0.00,0.00,0.00,
fear:0.00,0.00,0.00,0.00,
happy:0.66,0.48,0.40,0.45,
sadness:0.17,0.23,0.18,0.27,
surprise:0.00,0.00,0.00,0.00,

ldbn_2lys_625_500_250_rdbn_2lys_625_500_250_t50
active_h
anger:0.03,0.00,0.01,0.02,
contempt:0.00,0.00,0.00,0.00,
disgust:0.00,0.00,0.00,0.00,
fear:0.00,0.00,0.00,0.00,
happy:0.92,0.97,0.95,0.93,
sadness:0.05,0.03,0.04,0.05,
surprise:0.00,0.00,0.00,0.00,
v_noisy_active_h
anger:0.03,0.01,0.01,0.02,
contempt:0.00,0.00,0.00,0.00,
disgust:0.00,0.00,0.00,0.00,
fear:0.00,0.00,0.00,0.00,
happy:0.92,0.96,0.94,0.95,
sadness:0.05,0.03,0.05,0.04,
surprise:0.00,0.00,0.00,0.00,
zero
anger:0.03,0.01,0.01,0.02,
contempt:0.00,0.00,0.00,0.00,
disgust:0.00,0.00,0.00,0.00,
fear:0.00,0.00,0.00,0.00,
happy:0.92,0.96,0.93,0.91,
sadness:0.05,0.02,0.06,0.07,
surprise:0.00,0.00,0.00,0.00,
binomial0.1
anger:0.03,0.01,0.01,0.01,
contempt:0.00,0.00,0.00,0.00,
disgust:0.00,0.00,0.00,0.00,
fear:0.00,0.00,0.00,0.00,
happy:0.92,0.97,0.95,0.95,
sadness:0.05,0.03,0.04,0.04,
surprise:0.00,0.00,0.00,0.00,

ldbn_2lys_625_500_250_rdbn_2lys_625_500_250_t100
active_h
anger:0.03,0.03,0.02,0.03,
contempt:0.00,0.00,0.00,0.00,
disgust:0.00,0.00,0.00,0.00,
fear:0.00,0.00,0.00,0.00,
happy:0.90,0.94,0.93,0.89,
sadness:0.07,0.03,0.06,0.09,
surprise:0.00,0.00,0.00,0.00,
v_noisy_active_h
anger:0.03,0.02,0.02,0.04,
contempt:0.00,0.00,0.00,0.00,
disgust:0.00,0.00,0.00,0.00,
fear:0.00,0.00,0.00,0.00,
happy:0.90,0.93,0.92,0.89,
sadness:0.07,0.04,0.06,0.07,
surprise:0.00,0.00,0.00,0.00,
zero
anger:0.03,0.05,0.05,0.07,
contempt:0.00,0.00,0.00,0.00,
disgust:0.00,0.00,0.00,0.00,
fear:0.00,0.00,0.00,0.00,
happy:0.90,0.89,0.88,0.78,
sadness:0.07,0.06,0.07,0.15,
surprise:0.00,0.00,0.00,0.00,
binomial0.1
anger:0.03,0.02,0.03,0.05,
contempt:0.00,0.00,0.00,0.00,
disgust:0.00,0.00,0.00,0.00,
fear:0.00,0.00,0.00,0.00,
happy:0.90,0.93,0.91,0.85,
sadness:0.07,0.05,0.06,0.10,
surprise:0.00,0.00,0.00,0.00,

ldbn_2lys_625_500_250_rdbn_2lys_625_500_250_t250
active_h
anger:0.06,0.08,0.14,0.15,
contempt:0.00,0.00,0.00,0.00,
disgust:0.00,0.00,0.00,0.00,
fear:0.00,0.00,0.00,0.00,
happy:0.84,0.78,0.69,0.68,
sadness:0.10,0.14,0.17,0.17,
surprise:0.00,0.00,0.00,0.00,
v_noisy_active_h
anger:0.06,0.08,0.12,0.16,
contempt:0.00,0.00,0.00,0.00,
disgust:0.00,0.00,0.00,0.00,
fear:0.00,0.00,0.00,0.00,
happy:0.84,0.76,0.72,0.67,
sadness:0.10,0.15,0.16,0.16,
surprise:0.00,0.00,0.00,0.00,
zero
anger:0.06,0.14,0.21,0.22,
contempt:0.00,0.00,0.00,0.00,
disgust:0.00,0.00,0.00,0.00,
fear:0.00,0.00,0.00,0.00,
happy:0.84,0.64,0.59,0.55,
sadness:0.10,0.22,0.20,0.24,
surprise:0.00,0.00,0.00,0.00,
binomial0.1
anger:0.06,0.09,0.17,0.18,
contempt:0.00,0.00,0.00,0.00,
disgust:0.00,0.00,0.00,0.00,
fear:0.00,0.00,0.00,0.00,
happy:0.84,0.74,0.67,0.62,
sadness:0.10,0.17,0.17,0.20,
surprise:0.00,0.00,0.00,0.00,

ldbn_2lys_625_500_250_rdbn_2lys_625_500_250_t50
active_h
anger:0.47,0.03,0.54,0.47,
contempt:0.00,0.00,0.00,0.00,
disgust:0.00,0.00,0.00,0.00,
fear:0.00,0.00,0.00,0.00,
happy:0.27,0.76,0.26,0.28,
sadness:0.26,0.21,0.20,0.26,
surprise:0.00,0.00,0.00,0.00,
v_noisy_active_h
anger:0.47,0.01,0.53,0.46,
contempt:0.00,0.00,0.00,0.00,
disgust:0.00,0.00,0.00,0.00,
fear:0.00,0.00,0.00,0.00,
happy:0.27,0.77,0.27,0.28,
sadness:0.26,0.22,0.20,0.26,
surprise:0.00,0.00,0.00,0.00,
zero
anger:0.47,0.03,0.47,0.44,
contempt:0.00,0.00,0.00,0.00,
disgust:0.00,0.00,0.00,0.00,
fear:0.00,0.00,0.00,0.00,
happy:0.27,0.74,0.30,0.29,
sadness:0.26,0.24,0.22,0.27,
surprise:0.00,0.00,0.00,0.00,
binomial0.1
anger:0.47,0.03,0.53,0.45,
contempt:0.00,0.00,0.00,0.00,
disgust:0.00,0.00,0.00,0.00,
fear:0.00,0.00,0.00,0.00,
happy:0.27,0.76,0.26,0.26,
sadness:0.26,0.21,0.21,0.29,
surprise:0.00,0.00,0.00,0.00,

ldbn_2lys_625_500_250_rdbn_2lys_625_500_250_t100
active_h
anger:0.45,0.02,0.50,0.49,
contempt:0.00,0.00,0.00,0.00,
disgust:0.00,0.00,0.00,0.00,
fear:0.00,0.00,0.00,0.00,
happy:0.28,0.69,0.29,0.22,
sadness:0.27,0.29,0.21,0.30,
surprise:0.00,0.00,0.00,0.00,
v_noisy_active_h
anger:0.45,0.03,0.52,0.46,
contempt:0.00,0.00,0.00,0.00,
disgust:0.00,0.00,0.00,0.00,
fear:0.00,0.00,0.00,0.00,
happy:0.28,0.70,0.28,0.27,
sadness:0.27,0.27,0.20,0.27,
surprise:0.00,0.00,0.00,0.00,
zero
anger:0.45,0.02,0.50,0.48,
contempt:0.00,0.00,0.00,0.00,
disgust:0.00,0.00,0.00,0.00,
fear:0.00,0.00,0.00,0.00,
happy:0.28,0.71,0.27,0.23,
sadness:0.27,0.26,0.23,0.29,
surprise:0.00,0.00,0.00,0.00,
binomial0.1
anger:0.45,0.03,0.51,0.47,
contempt:0.00,0.00,0.00,0.00,
disgust:0.00,0.00,0.00,0.00,
fear:0.00,0.00,0.00,0.00,
happy:0.28,0.70,0.29,0.25,
sadness:0.27,0.27,0.20,0.28,
surprise:0.00,0.00,0.00,0.00,

ldbn_2lys_625_500_250_rdbn_2lys_625_500_250_t250
active_h
anger:0.43,0.02,0.50,0.48,
contempt:0.00,0.00,0.00,0.00,
disgust:0.00,0.00,0.00,0.00,
fear:0.00,0.00,0.00,0.00,
happy:0.27,0.69,0.24,0.24,
sadness:0.30,0.28,0.25,0.28,
surprise:0.00,0.00,0.00,0.00,
v_noisy_active_h
anger:0.43,0.03,0.52,0.51,
contempt:0.00,0.00,0.00,0.00,
disgust:0.00,0.00,0.00,0.00,
fear:0.00,0.00,0.00,0.00,
happy:0.27,0.73,0.24,0.24,
sadness:0.30,0.25,0.24,0.25,
surprise:0.00,0.00,0.00,0.00,
zero
anger:0.43,0.01,0.49,0.50,
contempt:0.00,0.00,0.00,0.00,
disgust:0.00,0.00,0.00,0.00,
fear:0.00,0.00,0.00,0.00,
happy:0.27,0.71,0.26,0.24,
sadness:0.30,0.27,0.25,0.27,
surprise:0.00,0.00,0.00,0.00,
binomial0.1
anger:0.43,0.03,0.50,0.48,
contempt:0.00,0.00,0.00,0.00,
disgust:0.00,0.00,0.00,0.00,
fear:0.00,0.00,0.00,0.00,
happy:0.27,0.73,0.27,0.25,
sadness:0.30,0.24,0.23,0.27,
surprise:0.00,0.00,0.00,0.00,

ldbn_2lys_625_500_250_rdbn_2lys_625_500_250_t50
active_h
anger:0.09,0.02,0.03,0.02,
contempt:0.00,0.00,0.00,0.00,
disgust:0.00,0.00,0.00,0.00,
fear:0.00,0.00,0.00,0.00,
happy:0.75,0.90,0.82,0.87,
sadness:0.17,0.08,0.15,0.10,
surprise:0.00,0.00,0.00,0.00,
v_noisy_active_h
anger:0.09,0.06,0.04,0.04,
contempt:0.00,0.00,0.00,0.00,
disgust:0.00,0.00,0.00,0.00,
fear:0.00,0.00,0.00,0.00,
happy:0.75,0.82,0.82,0.85,
sadness:0.17,0.13,0.13,0.11,
surprise:0.00,0.00,0.00,0.00,
zero
anger:0.09,0.29,0.40,0.41,
contempt:0.00,0.00,0.00,0.00,
disgust:0.00,0.00,0.00,0.00,
fear:0.00,0.00,0.00,0.00,
happy:0.75,0.46,0.35,0.41,
sadness:0.17,0.25,0.25,0.19,
surprise:0.00,0.00,0.00,0.00,
binomial0.1
anger:0.09,0.08,0.07,0.04,
contempt:0.00,0.00,0.00,0.00,
disgust:0.00,0.00,0.00,0.00,
fear:0.00,0.00,0.00,0.00,
happy:0.75,0.78,0.80,0.84,
sadness:0.17,0.15,0.14,0.12,
surprise:0.00,0.00,0.00,0.00,

ldbn_2lys_625_500_250_rdbn_2lys_625_500_250_t100
active_h
anger:0.10,0.11,0.05,0.06,
contempt:0.00,0.00,0.00,0.00,
disgust:0.00,0.00,0.00,0.00,
fear:0.00,0.00,0.00,0.00,
happy:0.78,0.76,0.83,0.82,
sadness:0.12,0.13,0.12,0.12,
surprise:0.00,0.00,0.00,0.00,
v_noisy_active_h
anger:0.10,0.16,0.09,0.09,
contempt:0.00,0.00,0.00,0.00,
disgust:0.00,0.00,0.00,0.00,
fear:0.00,0.00,0.00,0.00,
happy:0.78,0.71,0.78,0.79,
sadness:0.12,0.13,0.14,0.12,
surprise:0.00,0.00,0.00,0.00,
zero
anger:0.10,0.40,0.41,0.45,
contempt:0.00,0.00,0.00,0.00,
disgust:0.00,0.00,0.00,0.00,
fear:0.00,0.00,0.00,0.00,
happy:0.78,0.38,0.30,0.33,
sadness:0.12,0.22,0.30,0.22,
surprise:0.00,0.00,0.00,0.00,
binomial0.1
anger:0.10,0.16,0.13,0.13,
contempt:0.00,0.00,0.00,0.00,
disgust:0.00,0.00,0.00,0.00,
fear:0.00,0.00,0.00,0.00,
happy:0.78,0.68,0.70,0.74,
sadness:0.12,0.15,0.17,0.13,
surprise:0.00,0.00,0.00,0.00,

ldbn_2lys_625_500_250_rdbn_2lys_625_500_250_t250
active_h
anger:0.19,0.41,0.35,0.56,
contempt:0.00,0.00,0.00,0.00,
disgust:0.00,0.00,0.00,0.00,
fear:0.00,0.00,0.00,0.00,
happy:0.69,0.36,0.34,0.28,
sadness:0.11,0.23,0.31,0.16,
surprise:0.00,0.00,0.00,0.00,
v_noisy_active_h
anger:0.19,0.42,0.36,0.53,
contempt:0.00,0.00,0.00,0.00,
disgust:0.00,0.00,0.00,0.00,
fear:0.00,0.00,0.00,0.00,
happy:0.69,0.36,0.38,0.30,
sadness:0.11,0.23,0.26,0.17,
surprise:0.00,0.00,0.00,0.00,
zero
anger:0.19,0.42,0.34,0.52,
contempt:0.00,0.00,0.00,0.00,
disgust:0.00,0.00,0.00,0.00,
fear:0.00,0.00,0.00,0.00,
happy:0.69,0.39,0.37,0.32,
sadness:0.11,0.20,0.29,0.16,
surprise:0.00,0.00,0.00,0.00,
binomial0.1
anger:0.19,0.37,0.34,0.49,
contempt:0.00,0.00,0.00,0.00,
disgust:0.00,0.00,0.00,0.00,
fear:0.00,0.00,0.00,0.00,
happy:0.69,0.43,0.40,0.34,
sadness:0.11,0.20,0.26,0.17,
surprise:0.00,0.00,0.00,0.00,

ldbn_2lys_625_500_250_rdbn_2lys_625_500_250_t50
active_h
anger:0.13,0.01,0.01,0.01,
contempt:0.00,0.00,0.00,0.00,
disgust:0.00,0.00,0.00,0.00,
fear:0.00,0.00,0.00,0.00,
happy:0.82,0.97,0.92,0.95,
sadness:0.04,0.03,0.07,0.04,
surprise:0.00,0.00,0.00,0.00,
v_noisy_active_h
anger:0.13,0.01,0.01,0.02,
contempt:0.00,0.00,0.00,0.00,
disgust:0.00,0.00,0.00,0.00,
fear:0.00,0.00,0.00,0.00,
happy:0.82,0.96,0.92,0.93,
sadness:0.04,0.04,0.07,0.04,
surprise:0.00,0.00,0.00,0.00,
zero
anger:0.13,0.01,0.01,0.02,
contempt:0.00,0.00,0.00,0.00,
disgust:0.00,0.00,0.00,0.00,
fear:0.00,0.00,0.00,0.00,
happy:0.82,0.94,0.90,0.92,
sadness:0.04,0.05,0.09,0.06,
surprise:0.00,0.00,0.00,0.00,
binomial0.1
anger:0.13,0.00,0.01,0.01,
contempt:0.00,0.00,0.00,0.00,
disgust:0.00,0.00,0.00,0.00,
fear:0.00,0.00,0.00,0.00,
happy:0.82,0.95,0.93,0.94,
sadness:0.04,0.04,0.06,0.05,
surprise:0.00,0.00,0.00,0.00,

ldbn_2lys_625_500_250_rdbn_2lys_625_500_250_t100
active_h
anger:0.13,0.01,0.03,0.04,
contempt:0.00,0.00,0.00,0.00,
disgust:0.00,0.00,0.00,0.00,
fear:0.00,0.00,0.00,0.00,
happy:0.81,0.94,0.87,0.91,
sadness:0.06,0.05,0.10,0.06,
surprise:0.00,0.00,0.00,0.00,
v_noisy_active_h
anger:0.13,0.02,0.03,0.03,
contempt:0.00,0.00,0.00,0.00,
disgust:0.00,0.00,0.00,0.00,
fear:0.00,0.00,0.00,0.00,
happy:0.81,0.95,0.91,0.89,
sadness:0.06,0.03,0.06,0.08,
surprise:0.00,0.00,0.00,0.00,
zero
anger:0.13,0.04,0.06,0.06,
contempt:0.00,0.00,0.00,0.00,
disgust:0.00,0.00,0.00,0.00,
fear:0.00,0.00,0.00,0.00,
happy:0.81,0.88,0.83,0.80,
sadness:0.06,0.08,0.11,0.14,
surprise:0.00,0.00,0.00,0.00,
binomial0.1
anger:0.13,0.01,0.02,0.04,
contempt:0.00,0.00,0.00,0.00,
disgust:0.00,0.00,0.00,0.00,
fear:0.00,0.00,0.00,0.00,
happy:0.81,0.92,0.89,0.87,
sadness:0.06,0.07,0.09,0.09,
surprise:0.00,0.00,0.00,0.00,

ldbn_2lys_625_500_250_rdbn_2lys_625_500_250_t250
active_h
anger:0.14,0.06,0.10,0.12,
contempt:0.00,0.00,0.00,0.00,
disgust:0.00,0.00,0.00,0.00,
fear:0.00,0.00,0.00,0.00,
happy:0.77,0.87,0.73,0.70,
sadness:0.08,0.07,0.17,0.18,
surprise:0.00,0.00,0.00,0.00,
v_noisy_active_h
anger:0.14,0.05,0.09,0.12,
contempt:0.00,0.00,0.00,0.00,
disgust:0.00,0.00,0.00,0.00,
fear:0.00,0.00,0.00,0.00,
happy:0.77,0.85,0.73,0.72,
sadness:0.08,0.09,0.18,0.16,
surprise:0.00,0.00,0.00,0.00,
zero
anger:0.14,0.14,0.19,0.22,
contempt:0.00,0.00,0.00,0.00,
disgust:0.00,0.00,0.00,0.00,
fear:0.00,0.00,0.00,0.00,
happy:0.77,0.71,0.60,0.58,
sadness:0.08,0.15,0.21,0.21,
surprise:0.00,0.00,0.00,0.00,
binomial0.1
anger:0.14,0.07,0.12,0.17,
contempt:0.00,0.00,0.00,0.00,
disgust:0.00,0.00,0.00,0.00,
fear:0.00,0.00,0.00,0.00,
happy:0.77,0.83,0.68,0.61,
sadness:0.08,0.10,0.19,0.22,
surprise:0.00,0.00,0.00,0.00,

ldbn_2lys_625_500_250_rdbn_2lys_625_500_250_t50
active_h
anger:0.17,0.16,0.20,0.34,
contempt:0.00,0.00,0.00,0.00,
disgust:0.00,0.00,0.00,0.00,
fear:0.00,0.00,0.00,0.00,
happy:0.77,0.68,0.67,0.53,
sadness:0.06,0.16,0.13,0.13,
surprise:0.00,0.00,0.00,0.00,
v_noisy_active_h
anger:0.17,0.17,0.20,0.38,
contempt:0.00,0.00,0.00,0.00,
disgust:0.00,0.00,0.00,0.00,
fear:0.00,0.00,0.00,0.00,
happy:0.77,0.67,0.66,0.50,
sadness:0.06,0.16,0.14,0.13,
surprise:0.00,0.00,0.00,0.00,
zero
anger:0.17,0.17,0.20,0.36,
contempt:0.00,0.00,0.00,0.00,
disgust:0.00,0.00,0.00,0.00,
fear:0.00,0.00,0.00,0.00,
happy:0.77,0.67,0.68,0.51,
sadness:0.06,0.16,0.13,0.13,
surprise:0.00,0.00,0.00,0.00,
binomial0.1
anger:0.17,0.19,0.19,0.37,
contempt:0.00,0.00,0.00,0.00,
disgust:0.00,0.00,0.00,0.00,
fear:0.00,0.00,0.00,0.00,
happy:0.77,0.65,0.69,0.51,
sadness:0.06,0.16,0.13,0.12,
surprise:0.00,0.00,0.00,0.00,

ldbn_2lys_625_500_250_rdbn_2lys_625_500_250_t100
active_h
anger:0.18,0.19,0.21,0.34,
contempt:0.00,0.00,0.00,0.00,
disgust:0.00,0.00,0.00,0.00,
fear:0.00,0.00,0.00,0.00,
happy:0.76,0.67,0.64,0.56,
sadness:0.05,0.14,0.16,0.10,
surprise:0.00,0.00,0.00,0.00,
v_noisy_active_h
anger:0.18,0.17,0.25,0.33,
contempt:0.00,0.00,0.00,0.00,
disgust:0.00,0.00,0.00,0.00,
fear:0.00,0.00,0.00,0.00,
happy:0.76,0.69,0.62,0.60,
sadness:0.05,0.13,0.13,0.07,
surprise:0.00,0.00,0.00,0.00,
zero
anger:0.18,0.19,0.23,0.34,
contempt:0.00,0.00,0.00,0.00,
disgust:0.00,0.00,0.00,0.00,
fear:0.00,0.00,0.00,0.00,
happy:0.76,0.67,0.63,0.56,
sadness:0.05,0.14,0.15,0.10,
surprise:0.00,0.00,0.00,0.00,
binomial0.1
anger:0.18,0.20,0.22,0.31,
contempt:0.00,0.00,0.00,0.00,
disgust:0.00,0.00,0.00,0.00,
fear:0.00,0.00,0.00,0.00,
happy:0.76,0.64,0.63,0.59,
sadness:0.05,0.16,0.15,0.10,
surprise:0.00,0.00,0.00,0.00,

ldbn_2lys_625_500_250_rdbn_2lys_625_500_250_t250
active_h
anger:0.20,0.19,0.21,0.37,
contempt:0.00,0.00,0.00,0.00,
disgust:0.00,0.00,0.00,0.00,
fear:0.00,0.00,0.00,0.00,
happy:0.74,0.68,0.62,0.50,
sadness:0.06,0.13,0.17,0.14,
surprise:0.00,0.00,0.00,0.00,
v_noisy_active_h
anger:0.20,0.18,0.18,0.34,
contempt:0.00,0.00,0.00,0.00,
disgust:0.00,0.00,0.00,0.00,
fear:0.00,0.00,0.00,0.00,
happy:0.74,0.70,0.66,0.53,
sadness:0.06,0.12,0.16,0.13,
surprise:0.00,0.00,0.00,0.00,
zero
anger:0.20,0.21,0.18,0.39,
contempt:0.00,0.00,0.00,0.00,
disgust:0.00,0.00,0.00,0.00,
fear:0.00,0.00,0.00,0.00,
happy:0.74,0.66,0.66,0.46,
sadness:0.06,0.13,0.16,0.14,
surprise:0.00,0.00,0.00,0.00,
binomial0.1
anger:0.20,0.20,0.20,0.33,
contempt:0.00,0.00,0.00,0.00,
disgust:0.00,0.00,0.00,0.00,
fear:0.00,0.00,0.00,0.00,
happy:0.74,0.66,0.62,0.53,
sadness:0.06,0.13,0.17,0.14,
surprise:0.00,0.00,0.00,0.00,

ldbn_2lys_625_500_250_rdbn_2lys_625_500_250_t50
active_h
anger:0.13,0.03,0.02,0.01,
contempt:0.00,0.00,0.00,0.00,
disgust:0.00,0.00,0.00,0.00,
fear:0.00,0.00,0.00,0.00,
happy:0.74,0.91,0.94,0.94,
sadness:0.13,0.06,0.03,0.05,
surprise:0.00,0.00,0.00,0.00,
v_noisy_active_h
anger:0.13,0.05,0.05,0.03,
contempt:0.00,0.00,0.00,0.00,
disgust:0.00,0.00,0.00,0.00,
fear:0.00,0.00,0.00,0.00,
happy:0.74,0.86,0.88,0.90,
sadness:0.13,0.09,0.07,0.07,
surprise:0.00,0.00,0.00,0.00,
zero
anger:0.13,0.25,0.29,0.27,
contempt:0.00,0.00,0.00,0.00,
disgust:0.00,0.00,0.00,0.00,
fear:0.00,0.00,0.00,0.00,
happy:0.74,0.49,0.49,0.47,
sadness:0.13,0.26,0.22,0.26,
surprise:0.00,0.00,0.00,0.00,
binomial0.1
anger:0.13,0.07,0.06,0.05,
contempt:0.00,0.00,0.00,0.00,
disgust:0.00,0.00,0.00,0.00,
fear:0.00,0.00,0.00,0.00,
happy:0.74,0.83,0.84,0.87,
sadness:0.13,0.10,0.09,0.08,
surprise:0.00,0.00,0.00,0.00,

ldbn_2lys_625_500_250_rdbn_2lys_625_500_250_t100
active_h
anger:0.11,0.16,0.09,0.10,
contempt:0.00,0.00,0.00,0.00,
disgust:0.00,0.00,0.00,0.00,
fear:0.00,0.00,0.00,0.00,
happy:0.79,0.74,0.79,0.79,
sadness:0.09,0.10,0.12,0.11,
surprise:0.00,0.00,0.00,0.00,
v_noisy_active_h
anger:0.11,0.19,0.13,0.13,
contempt:0.00,0.00,0.00,0.00,
disgust:0.00,0.00,0.00,0.00,
fear:0.00,0.00,0.00,0.00,
happy:0.79,0.67,0.73,0.76,
sadness:0.09,0.14,0.14,0.12,
surprise:0.00,0.00,0.00,0.00,
zero
anger:0.11,0.36,0.33,0.32,
contempt:0.00,0.00,0.00,0.00,
disgust:0.00,0.00,0.00,0.00,
fear:0.00,0.00,0.00,0.00,
happy:0.79,0.39,0.37,0.42,
sadness:0.09,0.25,0.30,0.26,
surprise:0.00,0.00,0.00,0.00,
binomial0.1
anger:0.11,0.18,0.14,0.10,
contempt:0.00,0.00,0.00,0.00,
disgust:0.00,0.00,0.00,0.00,
fear:0.00,0.00,0.00,0.00,
happy:0.79,0.69,0.73,0.76,
sadness:0.09,0.13,0.14,0.14,
surprise:0.00,0.00,0.00,0.00,

ldbn_2lys_625_500_250_rdbn_2lys_625_500_250_t250
active_h
anger:0.18,0.37,0.35,0.33,
contempt:0.00,0.00,0.00,0.00,
disgust:0.00,0.00,0.00,0.00,
fear:0.00,0.00,0.00,0.00,
happy:0.72,0.39,0.36,0.41,
sadness:0.10,0.24,0.30,0.26,
surprise:0.00,0.00,0.00,0.00,
v_noisy_active_h
anger:0.18,0.40,0.34,0.29,
contempt:0.00,0.00,0.00,0.00,
disgust:0.00,0.00,0.00,0.00,
fear:0.00,0.00,0.00,0.00,
happy:0.72,0.40,0.40,0.43,
sadness:0.10,0.21,0.27,0.28,
surprise:0.00,0.00,0.00,0.00,
zero
anger:0.18,0.39,0.34,0.31,
contempt:0.00,0.00,0.00,0.00,
disgust:0.00,0.00,0.00,0.00,
fear:0.00,0.00,0.00,0.00,
happy:0.72,0.41,0.36,0.43,
sadness:0.10,0.21,0.30,0.26,
surprise:0.00,0.00,0.00,0.00,
binomial0.1
anger:0.18,0.35,0.29,0.25,
contempt:0.00,0.00,0.00,0.00,
disgust:0.00,0.00,0.00,0.00,
fear:0.00,0.00,0.00,0.00,
happy:0.72,0.42,0.41,0.48,
sadness:0.10,0.23,0.30,0.27,
surprise:0.00,0.00,0.00,0.00,

ldbn_2lys_625_500_250_rdbn_2lys_625_500_250_t50
active_h
anger:0.04,0.00,0.01,0.02,
contempt:0.00,0.00,0.00,0.00,
disgust:0.00,0.00,0.00,0.00,
fear:0.00,0.00,0.00,0.00,
happy:0.84,0.97,0.95,0.92,
sadness:0.12,0.03,0.04,0.06,
surprise:0.00,0.00,0.00,0.00,
v_noisy_active_h
anger:0.04,0.01,0.01,0.02,
contempt:0.00,0.00,0.00,0.00,
disgust:0.00,0.00,0.00,0.00,
fear:0.00,0.00,0.00,0.00,
happy:0.84,0.97,0.95,0.92,
sadness:0.12,0.02,0.04,0.06,
surprise:0.00,0.00,0.00,0.00,
zero
anger:0.04,0.02,0.02,0.04,
contempt:0.00,0.00,0.00,0.00,
disgust:0.00,0.00,0.00,0.00,
fear:0.00,0.00,0.00,0.00,
happy:0.84,0.95,0.93,0.89,
sadness:0.12,0.03,0.05,0.07,
surprise:0.00,0.00,0.00,0.00,
binomial0.1
anger:0.04,0.01,0.01,0.03,
contempt:0.00,0.00,0.00,0.00,
disgust:0.00,0.00,0.00,0.00,
fear:0.00,0.00,0.00,0.00,
happy:0.84,0.95,0.95,0.91,
sadness:0.12,0.04,0.04,0.07,
surprise:0.00,0.00,0.00,0.00,

ldbn_2lys_625_500_250_rdbn_2lys_625_500_250_t100
active_h
anger:0.07,0.02,0.03,0.05,
contempt:0.00,0.00,0.00,0.00,
disgust:0.00,0.00,0.00,0.00,
fear:0.00,0.00,0.00,0.00,
happy:0.81,0.92,0.90,0.89,
sadness:0.12,0.06,0.07,0.06,
surprise:0.00,0.00,0.00,0.00,
v_noisy_active_h
anger:0.07,0.02,0.03,0.04,
contempt:0.00,0.00,0.00,0.00,
disgust:0.00,0.00,0.00,0.00,
fear:0.00,0.00,0.00,0.00,
happy:0.81,0.91,0.91,0.89,
sadness:0.12,0.06,0.06,0.07,
surprise:0.00,0.00,0.00,0.00,
zero
anger:0.07,0.07,0.06,0.10,
contempt:0.00,0.00,0.00,0.00,
disgust:0.00,0.00,0.00,0.00,
fear:0.00,0.00,0.00,0.00,
happy:0.81,0.84,0.82,0.78,
sadness:0.12,0.09,0.12,0.11,
surprise:0.00,0.00,0.00,0.00,
binomial0.1
anger:0.07,0.03,0.03,0.06,
contempt:0.00,0.00,0.00,0.00,
disgust:0.00,0.00,0.00,0.00,
fear:0.00,0.00,0.00,0.00,
happy:0.81,0.91,0.89,0.86,
sadness:0.12,0.06,0.08,0.08,
surprise:0.00,0.00,0.00,0.00,

ldbn_2lys_625_500_250_rdbn_2lys_625_500_250_t250
active_h
anger:0.06,0.08,0.08,0.14,
contempt:0.00,0.00,0.00,0.00,
disgust:0.00,0.00,0.00,0.00,
fear:0.00,0.00,0.00,0.00,
happy:0.80,0.84,0.82,0.71,
sadness:0.14,0.08,0.10,0.15,
surprise:0.00,0.00,0.00,0.00,
v_noisy_active_h
anger:0.06,0.08,0.08,0.14,
contempt:0.00,0.00,0.00,0.00,
disgust:0.00,0.00,0.00,0.00,
fear:0.00,0.00,0.00,0.00,
happy:0.80,0.83,0.83,0.70,
sadness:0.14,0.09,0.09,0.16,
surprise:0.00,0.00,0.00,0.00,
zero
anger:0.06,0.17,0.19,0.21,
contempt:0.00,0.00,0.00,0.00,
disgust:0.00,0.00,0.00,0.00,
fear:0.00,0.00,0.00,0.00,
happy:0.80,0.69,0.63,0.59,
sadness:0.14,0.15,0.18,0.20,
surprise:0.00,0.00,0.00,0.00,
binomial0.1
anger:0.06,0.12,0.12,0.17,
contempt:0.00,0.00,0.00,0.00,
disgust:0.00,0.00,0.00,0.00,
fear:0.00,0.00,0.00,0.00,
happy:0.80,0.76,0.76,0.64,
sadness:0.14,0.12,0.12,0.19,
surprise:0.00,0.00,0.00,0.00,

ldbn_2lys_625_500_250_rdbn_2lys_625_500_250_t50
active_h
anger:0.09,0.14,0.18,0.34,
contempt:0.00,0.00,0.00,0.00,
disgust:0.00,0.00,0.00,0.00,
fear:0.00,0.00,0.00,0.00,
happy:0.88,0.60,0.62,0.30,
sadness:0.03,0.25,0.20,0.37,
surprise:0.00,0.00,0.00,0.00,
v_noisy_active_h
anger:0.09,0.13,0.20,0.34,
contempt:0.00,0.00,0.00,0.00,
disgust:0.00,0.00,0.00,0.00,
fear:0.00,0.00,0.00,0.00,
happy:0.88,0.61,0.60,0.30,
sadness:0.03,0.25,0.20,0.36,
surprise:0.00,0.00,0.00,0.00,
zero
anger:0.09,0.14,0.20,0.32,
contempt:0.00,0.00,0.00,0.00,
disgust:0.00,0.00,0.00,0.00,
fear:0.00,0.00,0.00,0.00,
happy:0.88,0.60,0.57,0.31,
sadness:0.03,0.26,0.23,0.37,
surprise:0.00,0.00,0.00,0.00,
binomial0.1
anger:0.09,0.11,0.19,0.34,
contempt:0.00,0.00,0.00,0.00,
disgust:0.00,0.00,0.00,0.00,
fear:0.00,0.00,0.00,0.00,
happy:0.88,0.63,0.60,0.32,
sadness:0.03,0.26,0.21,0.34,
surprise:0.00,0.00,0.00,0.00,

ldbn_2lys_625_500_250_rdbn_2lys_625_500_250_t100
active_h
anger:0.10,0.10,0.22,0.28,
contempt:0.00,0.00,0.00,0.00,
disgust:0.00,0.00,0.00,0.00,
fear:0.00,0.00,0.00,0.00,
happy:0.87,0.61,0.56,0.32,
sadness:0.03,0.29,0.22,0.40,
surprise:0.00,0.00,0.00,0.00,
v_noisy_active_h
anger:0.10,0.12,0.25,0.27,
contempt:0.00,0.00,0.00,0.00,
disgust:0.00,0.00,0.00,0.00,
fear:0.00,0.00,0.00,0.00,
happy:0.87,0.60,0.54,0.33,
sadness:0.03,0.27,0.21,0.40,
surprise:0.00,0.00,0.00,0.00,
zero
anger:0.10,0.10,0.23,0.29,
contempt:0.00,0.00,0.00,0.00,
disgust:0.00,0.00,0.00,0.00,
fear:0.00,0.00,0.00,0.00,
happy:0.87,0.62,0.52,0.33,
sadness:0.03,0.28,0.24,0.39,
surprise:0.00,0.00,0.00,0.00,
binomial0.1
anger:0.10,0.12,0.24,0.28,
contempt:0.00,0.00,0.00,0.00,
disgust:0.00,0.00,0.00,0.00,
fear:0.00,0.00,0.00,0.00,
happy:0.87,0.59,0.53,0.31,
sadness:0.03,0.29,0.23,0.41,
surprise:0.00,0.00,0.00,0.00,

ldbn_2lys_625_500_250_rdbn_2lys_625_500_250_t250
active_h
anger:0.08,0.09,0.22,0.33,
contempt:0.00,0.00,0.00,0.00,
disgust:0.00,0.00,0.00,0.00,
fear:0.00,0.00,0.00,0.00,
happy:0.90,0.64,0.55,0.34,
sadness:0.02,0.27,0.23,0.32,
surprise:0.00,0.00,0.00,0.00,
v_noisy_active_h
anger:0.08,0.11,0.21,0.33,
contempt:0.00,0.00,0.00,0.00,
disgust:0.00,0.00,0.00,0.00,
fear:0.00,0.00,0.00,0.00,
happy:0.90,0.63,0.54,0.38,
sadness:0.02,0.26,0.25,0.30,
surprise:0.00,0.00,0.00,0.00,
zero
anger:0.08,0.10,0.24,0.33,
contempt:0.00,0.00,0.00,0.00,
disgust:0.00,0.00,0.00,0.00,
fear:0.00,0.00,0.00,0.00,
happy:0.90,0.62,0.50,0.36,
sadness:0.02,0.29,0.27,0.31,
surprise:0.00,0.00,0.00,0.00,
binomial0.1
anger:0.08,0.10,0.22,0.33,
contempt:0.00,0.00,0.00,0.00,
disgust:0.00,0.00,0.00,0.00,
fear:0.00,0.00,0.00,0.00,
happy:0.90,0.64,0.53,0.38,
sadness:0.02,0.26,0.25,0.29,
surprise:0.00,0.00,0.00,0.00,

ldbn_2lys_625_500_250_rdbn_2lys_625_500_250_t50
active_h
anger:0.14,0.02,0.01,0.02,
contempt:0.00,0.00,0.00,0.00,
disgust:0.00,0.00,0.00,0.00,
fear:0.00,0.00,0.00,0.00,
happy:0.73,0.93,0.93,0.93,
sadness:0.13,0.05,0.06,0.06,
surprise:0.00,0.00,0.00,0.00,
v_noisy_active_h
anger:0.14,0.05,0.04,0.05,
contempt:0.00,0.00,0.00,0.00,
disgust:0.00,0.00,0.00,0.00,
fear:0.00,0.00,0.00,0.00,
happy:0.73,0.86,0.89,0.87,
sadness:0.13,0.09,0.07,0.08,
surprise:0.00,0.00,0.00,0.00,
zero
anger:0.14,0.24,0.25,0.29,
contempt:0.00,0.00,0.00,0.00,
disgust:0.00,0.00,0.00,0.00,
fear:0.00,0.00,0.00,0.00,
happy:0.73,0.52,0.48,0.45,
sadness:0.13,0.24,0.27,0.26,
surprise:0.00,0.00,0.00,0.00,
binomial0.1
anger:0.14,0.05,0.06,0.06,
contempt:0.00,0.00,0.00,0.00,
disgust:0.00,0.00,0.00,0.00,
fear:0.00,0.00,0.00,0.00,
happy:0.73,0.86,0.83,0.83,
sadness:0.13,0.09,0.11,0.11,
surprise:0.00,0.00,0.00,0.00,

ldbn_2lys_625_500_250_rdbn_2lys_625_500_250_t100
active_h
anger:0.13,0.06,0.07,0.05,
contempt:0.00,0.00,0.00,0.00,
disgust:0.00,0.00,0.00,0.00,
fear:0.00,0.00,0.00,0.00,
happy:0.75,0.85,0.80,0.82,
sadness:0.12,0.09,0.13,0.12,
surprise:0.00,0.00,0.00,0.00,
v_noisy_active_h
anger:0.13,0.11,0.09,0.08,
contempt:0.00,0.00,0.00,0.00,
disgust:0.00,0.00,0.00,0.00,
fear:0.00,0.00,0.00,0.00,
happy:0.75,0.75,0.78,0.77,
sadness:0.12,0.14,0.12,0.14,
surprise:0.00,0.00,0.00,0.00,
zero
anger:0.13,0.24,0.32,0.34,
contempt:0.00,0.00,0.00,0.00,
disgust:0.00,0.00,0.00,0.00,
fear:0.00,0.00,0.00,0.00,
happy:0.75,0.49,0.45,0.38,
sadness:0.12,0.27,0.23,0.28,
surprise:0.00,0.00,0.00,0.00,
binomial0.1
anger:0.13,0.12,0.13,0.11,
contempt:0.00,0.00,0.00,0.00,
disgust:0.00,0.00,0.00,0.00,
fear:0.00,0.00,0.00,0.00,
happy:0.75,0.70,0.73,0.72,
sadness:0.12,0.18,0.14,0.17,
surprise:0.00,0.00,0.00,0.00,

ldbn_2lys_625_500_250_rdbn_2lys_625_500_250_t250
active_h
anger:0.15,0.32,0.34,0.37,
contempt:0.00,0.00,0.00,0.00,
disgust:0.00,0.00,0.00,0.00,
fear:0.00,0.00,0.00,0.00,
happy:0.71,0.44,0.42,0.41,
sadness:0.14,0.24,0.25,0.22,
surprise:0.00,0.00,0.00,0.00,
v_noisy_active_h
anger:0.15,0.28,0.34,0.35,
contempt:0.00,0.00,0.00,0.00,
disgust:0.00,0.00,0.00,0.00,
fear:0.00,0.00,0.00,0.00,
happy:0.71,0.46,0.42,0.42,
sadness:0.14,0.27,0.24,0.23,
surprise:0.00,0.00,0.00,0.00,
zero
anger:0.15,0.30,0.33,0.39,
contempt:0.00,0.00,0.00,0.00,
disgust:0.00,0.00,0.00,0.00,
fear:0.00,0.00,0.00,0.00,
happy:0.71,0.45,0.44,0.42,
sadness:0.14,0.25,0.23,0.19,
surprise:0.00,0.00,0.00,0.00,
binomial0.1
anger:0.15,0.28,0.30,0.31,
contempt:0.00,0.00,0.00,0.00,
disgust:0.00,0.00,0.00,0.00,
fear:0.00,0.00,0.00,0.00,
happy:0.71,0.47,0.47,0.45,
sadness:0.14,0.25,0.23,0.23,
surprise:0.00,0.00,0.00,0.00,

ldbn_2lys_625_500_250_rdbn_2lys_625_500_250_t50
active_h
anger:0.23,0.00,0.02,0.01,
contempt:0.00,0.00,0.00,0.00,
disgust:0.00,0.00,0.00,0.00,
fear:0.00,0.00,0.00,0.00,
happy:0.61,0.97,0.92,0.89,
sadness:0.16,0.03,0.06,0.09,
surprise:0.00,0.00,0.00,0.00,
v_noisy_active_h
anger:0.23,0.00,0.02,0.02,
contempt:0.00,0.00,0.00,0.00,
disgust:0.00,0.00,0.00,0.00,
fear:0.00,0.00,0.00,0.00,
happy:0.61,0.97,0.91,0.88,
sadness:0.16,0.02,0.07,0.10,
surprise:0.00,0.00,0.00,0.00,
zero
anger:0.23,0.00,0.03,0.03,
contempt:0.00,0.00,0.00,0.00,
disgust:0.00,0.00,0.00,0.00,
fear:0.00,0.00,0.00,0.00,
happy:0.61,0.95,0.90,0.81,
sadness:0.16,0.05,0.07,0.15,
surprise:0.00,0.00,0.00,0.00,
binomial0.1
anger:0.23,0.00,0.03,0.03,
contempt:0.00,0.00,0.00,0.00,
disgust:0.00,0.00,0.00,0.00,
fear:0.00,0.00,0.00,0.00,
happy:0.61,0.97,0.91,0.85,
sadness:0.16,0.03,0.07,0.12,
surprise:0.00,0.00,0.00,0.00,

ldbn_2lys_625_500_250_rdbn_2lys_625_500_250_t100
active_h
anger:0.23,0.01,0.03,0.05,
contempt:0.00,0.00,0.00,0.00,
disgust:0.00,0.00,0.00,0.00,
fear:0.00,0.00,0.00,0.00,
happy:0.61,0.94,0.90,0.88,
sadness:0.15,0.06,0.07,0.07,
surprise:0.00,0.00,0.00,0.00,
v_noisy_active_h
anger:0.23,0.00,0.02,0.04,
contempt:0.00,0.00,0.00,0.00,
disgust:0.00,0.00,0.00,0.00,
fear:0.00,0.00,0.00,0.00,
happy:0.61,0.93,0.90,0.89,
sadness:0.15,0.06,0.07,0.07,
surprise:0.00,0.00,0.00,0.00,
zero
anger:0.23,0.02,0.07,0.08,
contempt:0.00,0.00,0.00,0.00,
disgust:0.00,0.00,0.00,0.00,
fear:0.00,0.00,0.00,0.00,
happy:0.61,0.88,0.82,0.79,
sadness:0.15,0.10,0.10,0.13,
surprise:0.00,0.00,0.00,0.00,
binomial0.1
anger:0.23,0.00,0.04,0.05,
contempt:0.00,0.00,0.00,0.00,
disgust:0.00,0.00,0.00,0.00,
fear:0.00,0.00,0.00,0.00,
happy:0.61,0.91,0.87,0.84,
sadness:0.15,0.09,0.10,0.11,
surprise:0.00,0.00,0.00,0.00,

ldbn_2lys_625_500_250_rdbn_2lys_625_500_250_t250
active_h
anger:0.20,0.04,0.14,0.11,
contempt:0.00,0.00,0.00,0.00,
disgust:0.00,0.00,0.00,0.00,
fear:0.00,0.00,0.00,0.00,
happy:0.62,0.86,0.75,0.71,
sadness:0.18,0.10,0.12,0.17,
surprise:0.00,0.00,0.00,0.00,
v_noisy_active_h
anger:0.20,0.08,0.13,0.13,
contempt:0.00,0.00,0.00,0.00,
disgust:0.00,0.00,0.00,0.00,
fear:0.00,0.00,0.00,0.00,
happy:0.62,0.84,0.74,0.72,
sadness:0.18,0.09,0.12,0.15,
surprise:0.00,0.00,0.00,0.00,
zero
anger:0.20,0.14,0.18,0.18,
contempt:0.00,0.00,0.00,0.00,
disgust:0.00,0.00,0.00,0.00,
fear:0.00,0.00,0.00,0.00,
happy:0.62,0.71,0.64,0.63,
sadness:0.18,0.15,0.18,0.19,
surprise:0.00,0.00,0.00,0.00,
binomial0.1
anger:0.20,0.08,0.17,0.16,
contempt:0.00,0.00,0.00,0.00,
disgust:0.00,0.00,0.00,0.00,
fear:0.00,0.00,0.00,0.00,
happy:0.62,0.81,0.67,0.69,
sadness:0.18,0.12,0.16,0.15,
surprise:0.00,0.00,0.00,0.00,

ldbn_2lys_625_500_250_rdbn_2lys_625_500_250_t50
active_h
anger:0.04,0.03,0.27,0.22,
contempt:0.00,0.00,0.00,0.00,
disgust:0.00,0.00,0.00,0.00,
fear:0.00,0.00,0.00,0.00,
happy:0.90,0.87,0.53,0.47,
sadness:0.05,0.10,0.20,0.31,
surprise:0.00,0.00,0.00,0.00,
v_noisy_active_h
anger:0.04,0.06,0.25,0.19,
contempt:0.00,0.00,0.00,0.00,
disgust:0.00,0.00,0.00,0.00,
fear:0.00,0.00,0.00,0.00,
happy:0.90,0.85,0.54,0.48,
sadness:0.05,0.09,0.21,0.33,
surprise:0.00,0.00,0.00,0.00,
zero
anger:0.04,0.03,0.23,0.21,
contempt:0.00,0.00,0.00,0.00,
disgust:0.00,0.00,0.00,0.00,
fear:0.00,0.00,0.00,0.00,
happy:0.90,0.89,0.55,0.46,
sadness:0.05,0.08,0.22,0.33,
surprise:0.00,0.00,0.00,0.00,
binomial0.1
anger:0.04,0.04,0.20,0.21,
contempt:0.00,0.00,0.00,0.00,
disgust:0.00,0.00,0.00,0.00,
fear:0.00,0.00,0.00,0.00,
happy:0.90,0.86,0.61,0.43,
sadness:0.05,0.09,0.19,0.35,
surprise:0.00,0.00,0.00,0.00,

ldbn_2lys_625_500_250_rdbn_2lys_625_500_250_t100
active_h
anger:0.05,0.03,0.23,0.18,
contempt:0.00,0.00,0.00,0.00,
disgust:0.00,0.00,0.00,0.00,
fear:0.00,0.00,0.00,0.00,
happy:0.89,0.87,0.54,0.45,
sadness:0.06,0.10,0.23,0.36,
surprise:0.00,0.00,0.00,0.00,
v_noisy_active_h
anger:0.05,0.04,0.22,0.20,
contempt:0.00,0.00,0.00,0.00,
disgust:0.00,0.00,0.00,0.00,
fear:0.00,0.00,0.00,0.00,
happy:0.89,0.84,0.57,0.50,
sadness:0.06,0.12,0.21,0.30,
surprise:0.00,0.00,0.00,0.00,
zero
anger:0.05,0.03,0.23,0.18,
contempt:0.00,0.00,0.00,0.00,
disgust:0.00,0.00,0.00,0.00,
fear:0.00,0.00,0.00,0.00,
happy:0.89,0.85,0.54,0.51,
sadness:0.06,0.11,0.23,0.30,
surprise:0.00,0.00,0.00,0.00,
binomial0.1
anger:0.05,0.03,0.22,0.20,
contempt:0.00,0.00,0.00,0.00,
disgust:0.00,0.00,0.00,0.00,
fear:0.00,0.00,0.00,0.00,
happy:0.89,0.87,0.58,0.46,
sadness:0.06,0.10,0.20,0.34,
surprise:0.00,0.00,0.00,0.00,

ldbn_2lys_625_500_250_rdbn_2lys_625_500_250_t250
active_h
anger:0.05,0.06,0.25,0.25,
contempt:0.00,0.00,0.00,0.00,
disgust:0.00,0.00,0.00,0.00,
fear:0.00,0.00,0.00,0.00,
happy:0.89,0.86,0.56,0.41,
sadness:0.06,0.08,0.20,0.34,
surprise:0.00,0.00,0.00,0.00,
v_noisy_active_h
anger:0.05,0.06,0.24,0.22,
contempt:0.00,0.00,0.00,0.00,
disgust:0.00,0.00,0.00,0.00,
fear:0.00,0.00,0.00,0.00,
happy:0.89,0.86,0.57,0.45,
sadness:0.06,0.09,0.19,0.33,
surprise:0.00,0.00,0.00,0.00,
zero
anger:0.05,0.05,0.23,0.21,
contempt:0.00,0.00,0.00,0.00,
disgust:0.00,0.00,0.00,0.00,
fear:0.00,0.00,0.00,0.00,
happy:0.89,0.87,0.54,0.47,
sadness:0.06,0.08,0.23,0.32,
surprise:0.00,0.00,0.00,0.00,
binomial0.1
anger:0.05,0.06,0.22,0.26,
contempt:0.00,0.00,0.00,0.00,
disgust:0.00,0.00,0.00,0.00,
fear:0.00,0.00,0.00,0.00,
happy:0.89,0.86,0.57,0.45,
sadness:0.06,0.09,0.20,0.30,
surprise:0.00,0.00,0.00,0.00,

ldbn_2lys_625_500_250_rdbn_2lys_625_500_250_t50
active_h
anger:0.12,0.02,0.02,0.02,
contempt:0.00,0.00,0.00,0.00,
disgust:0.00,0.00,0.00,0.00,
fear:0.00,0.00,0.00,0.00,
happy:0.75,0.94,0.95,0.95,
sadness:0.13,0.04,0.03,0.03,
surprise:0.00,0.00,0.00,0.00,
v_noisy_active_h
anger:0.12,0.06,0.07,0.04,
contempt:0.00,0.00,0.00,0.00,
disgust:0.00,0.00,0.00,0.00,
fear:0.00,0.00,0.00,0.00,
happy:0.75,0.88,0.90,0.89,
sadness:0.13,0.06,0.03,0.07,
surprise:0.00,0.00,0.00,0.00,
zero
anger:0.12,0.30,0.39,0.39,
contempt:0.00,0.00,0.00,0.00,
disgust:0.00,0.00,0.00,0.00,
fear:0.00,0.00,0.00,0.00,
happy:0.75,0.43,0.39,0.39,
sadness:0.13,0.27,0.21,0.22,
surprise:0.00,0.00,0.00,0.00,
binomial0.1
anger:0.12,0.08,0.08,0.05,
contempt:0.00,0.00,0.00,0.00,
disgust:0.00,0.00,0.00,0.00,
fear:0.00,0.00,0.00,0.00,
happy:0.75,0.83,0.84,0.85,
sadness:0.13,0.09,0.08,0.10,
surprise:0.00,0.00,0.00,0.00,

ldbn_2lys_625_500_250_rdbn_2lys_625_500_250_t100
active_h
anger:0.14,0.13,0.12,0.05,
contempt:0.00,0.00,0.00,0.00,
disgust:0.00,0.00,0.00,0.00,
fear:0.00,0.00,0.00,0.00,
happy:0.72,0.73,0.81,0.80,
sadness:0.14,0.14,0.07,0.15,
surprise:0.00,0.00,0.00,0.00,
v_noisy_active_h
anger:0.14,0.16,0.12,0.12,
contempt:0.00,0.00,0.00,0.00,
disgust:0.00,0.00,0.00,0.00,
fear:0.00,0.00,0.00,0.00,
happy:0.72,0.70,0.76,0.75,
sadness:0.14,0.14,0.12,0.13,
surprise:0.00,0.00,0.00,0.00,
zero
anger:0.14,0.41,0.40,0.34,
contempt:0.00,0.00,0.00,0.00,
disgust:0.00,0.00,0.00,0.00,
fear:0.00,0.00,0.00,0.00,
happy:0.72,0.36,0.36,0.38,
sadness:0.14,0.23,0.24,0.27,
surprise:0.00,0.00,0.00,0.00,
binomial0.1
anger:0.14,0.19,0.15,0.12,
contempt:0.00,0.00,0.00,0.00,
disgust:0.00,0.00,0.00,0.00,
fear:0.00,0.00,0.00,0.00,
happy:0.72,0.68,0.73,0.70,
sadness:0.14,0.13,0.13,0.17,
surprise:0.00,0.00,0.00,0.00,

ldbn_2lys_625_500_250_rdbn_2lys_625_500_250_t250
active_h
anger:0.17,0.40,0.50,0.37,
contempt:0.00,0.00,0.00,0.00,
disgust:0.00,0.00,0.00,0.00,
fear:0.00,0.00,0.00,0.00,
happy:0.70,0.37,0.29,0.31,
sadness:0.12,0.23,0.21,0.32,
surprise:0.00,0.00,0.00,0.00,
v_noisy_active_h
anger:0.17,0.38,0.47,0.36,
contempt:0.00,0.00,0.00,0.00,
disgust:0.00,0.00,0.00,0.00,
fear:0.00,0.00,0.00,0.00,
happy:0.70,0.40,0.33,0.30,
sadness:0.12,0.22,0.20,0.33,
surprise:0.00,0.00,0.00,0.00,
zero
anger:0.17,0.40,0.49,0.35,
contempt:0.00,0.00,0.00,0.00,
disgust:0.00,0.00,0.00,0.00,
fear:0.00,0.00,0.00,0.00,
happy:0.70,0.40,0.27,0.34,
sadness:0.12,0.20,0.24,0.31,
surprise:0.00,0.00,0.00,0.00,
binomial0.1
anger:0.17,0.33,0.44,0.32,
contempt:0.00,0.00,0.00,0.00,
disgust:0.00,0.00,0.00,0.00,
fear:0.00,0.00,0.00,0.00,
happy:0.70,0.46,0.34,0.35,
sadness:0.12,0.21,0.22,0.33,
surprise:0.00,0.00,0.00,0.00,

ldbn_2lys_625_500_250_rdbn_2lys_625_500_250_t50
active_h
anger:0.24,0.00,0.01,0.01,
contempt:0.00,0.00,0.00,0.00,
disgust:0.00,0.00,0.00,0.00,
fear:0.00,0.00,0.00,0.00,
happy:0.48,0.97,0.95,0.96,
sadness:0.29,0.03,0.05,0.03,
surprise:0.00,0.00,0.00,0.00,
v_noisy_active_h
anger:0.24,0.00,0.01,0.02,
contempt:0.00,0.00,0.00,0.00,
disgust:0.00,0.00,0.00,0.00,
fear:0.00,0.00,0.00,0.00,
happy:0.48,0.96,0.93,0.94,
sadness:0.29,0.04,0.06,0.04,
surprise:0.00,0.00,0.00,0.00,
zero
anger:0.24,0.01,0.02,0.05,
contempt:0.00,0.00,0.00,0.00,
disgust:0.00,0.00,0.00,0.00,
fear:0.00,0.00,0.00,0.00,
happy:0.48,0.93,0.92,0.88,
sadness:0.29,0.06,0.06,0.07,
surprise:0.00,0.00,0.00,0.00,
binomial0.1
anger:0.24,0.01,0.02,0.03,
contempt:0.00,0.00,0.00,0.00,
disgust:0.00,0.00,0.00,0.00,
fear:0.00,0.00,0.00,0.00,
happy:0.48,0.93,0.92,0.92,
sadness:0.29,0.05,0.06,0.05,
surprise:0.00,0.00,0.00,0.00,

ldbn_2lys_625_500_250_rdbn_2lys_625_500_250_t100
active_h
anger:0.22,0.01,0.03,0.05,
contempt:0.00,0.00,0.00,0.00,
disgust:0.00,0.00,0.00,0.00,
fear:0.00,0.00,0.00,0.00,
happy:0.53,0.94,0.92,0.89,
sadness:0.25,0.04,0.04,0.07,
surprise:0.00,0.00,0.00,0.00,
v_noisy_active_h
anger:0.22,0.01,0.03,0.04,
contempt:0.00,0.00,0.00,0.00,
disgust:0.00,0.00,0.00,0.00,
fear:0.00,0.00,0.00,0.00,
happy:0.53,0.93,0.93,0.88,
sadness:0.25,0.06,0.04,0.08,
surprise:0.00,0.00,0.00,0.00,
zero
anger:0.22,0.02,0.08,0.10,
contempt:0.00,0.00,0.00,0.00,
disgust:0.00,0.00,0.00,0.00,
fear:0.00,0.00,0.00,0.00,
happy:0.53,0.87,0.82,0.77,
sadness:0.25,0.11,0.10,0.13,
surprise:0.00,0.00,0.00,0.00,
binomial0.1
anger:0.22,0.01,0.03,0.05,
contempt:0.00,0.00,0.00,0.00,
disgust:0.00,0.00,0.00,0.00,
fear:0.00,0.00,0.00,0.00,
happy:0.53,0.92,0.91,0.84,
sadness:0.25,0.07,0.06,0.11,
surprise:0.00,0.00,0.00,0.00,

ldbn_2lys_625_500_250_rdbn_2lys_625_500_250_t250
active_h
anger:0.19,0.04,0.10,0.12,
contempt:0.00,0.00,0.00,0.00,
disgust:0.00,0.00,0.00,0.00,
fear:0.00,0.00,0.00,0.00,
happy:0.57,0.87,0.77,0.71,
sadness:0.23,0.08,0.13,0.17,
surprise:0.00,0.00,0.00,0.00,
v_noisy_active_h
anger:0.19,0.04,0.08,0.14,
contempt:0.00,0.00,0.00,0.00,
disgust:0.00,0.00,0.00,0.00,
fear:0.00,0.00,0.00,0.00,
happy:0.57,0.86,0.78,0.69,
sadness:0.23,0.10,0.14,0.17,
surprise:0.00,0.00,0.00,0.00,
zero
anger:0.19,0.14,0.17,0.20,
contempt:0.00,0.00,0.00,0.00,
disgust:0.00,0.00,0.00,0.00,
fear:0.00,0.00,0.00,0.00,
happy:0.57,0.70,0.63,0.57,
sadness:0.23,0.17,0.20,0.22,
surprise:0.00,0.00,0.00,0.00,
binomial0.1
anger:0.19,0.09,0.13,0.17,
contempt:0.00,0.00,0.00,0.00,
disgust:0.00,0.00,0.00,0.00,
fear:0.00,0.00,0.00,0.00,
happy:0.57,0.79,0.71,0.62,
sadness:0.23,0.11,0.16,0.21,
surprise:0.00,0.00,0.00,0.00,

ldbn_2lys_625_500_250_rdbn_2lys_625_500_250_t50
active_h
anger:0.00,0.07,0.12,0.23,
contempt:0.00,0.00,0.00,0.00,
disgust:0.00,0.00,0.00,0.00,
fear:0.00,0.00,0.00,0.00,
happy:0.96,0.74,0.51,0.49,
sadness:0.03,0.19,0.37,0.28,
surprise:0.00,0.00,0.00,0.00,
v_noisy_active_h
anger:0.00,0.07,0.15,0.25,
contempt:0.00,0.00,0.00,0.00,
disgust:0.00,0.00,0.00,0.00,
fear:0.00,0.00,0.00,0.00,
happy:0.96,0.73,0.50,0.45,
sadness:0.03,0.20,0.36,0.30,
surprise:0.00,0.00,0.00,0.00,
zero
anger:0.00,0.06,0.16,0.23,
contempt:0.00,0.00,0.00,0.00,
disgust:0.00,0.00,0.00,0.00,
fear:0.00,0.00,0.00,0.00,
happy:0.96,0.76,0.46,0.48,
sadness:0.03,0.18,0.39,0.29,
surprise:0.00,0.00,0.00,0.00,
binomial0.1
anger:0.00,0.07,0.16,0.23,
contempt:0.00,0.00,0.00,0.00,
disgust:0.00,0.00,0.00,0.00,
fear:0.00,0.00,0.00,0.00,
happy:0.96,0.73,0.47,0.48,
sadness:0.03,0.20,0.37,0.29,
surprise:0.00,0.00,0.00,0.00,

ldbn_2lys_625_500_250_rdbn_2lys_625_500_250_t100
active_h
anger:0.00,0.08,0.19,0.22,
contempt:0.00,0.00,0.00,0.00,
disgust:0.00,0.00,0.00,0.00,
fear:0.00,0.00,0.00,0.00,
happy:0.98,0.73,0.47,0.38,
sadness:0.02,0.19,0.35,0.40,
surprise:0.00,0.00,0.00,0.00,
v_noisy_active_h
anger:0.00,0.08,0.16,0.24,
contempt:0.00,0.00,0.00,0.00,
disgust:0.00,0.00,0.00,0.00,
fear:0.00,0.00,0.00,0.00,
happy:0.98,0.68,0.45,0.39,
sadness:0.02,0.24,0.39,0.37,
surprise:0.00,0.00,0.00,0.00,
zero
anger:0.00,0.08,0.18,0.22,
contempt:0.00,0.00,0.00,0.00,
disgust:0.00,0.00,0.00,0.00,
fear:0.00,0.00,0.00,0.00,
happy:0.98,0.71,0.47,0.44,
sadness:0.02,0.21,0.36,0.34,
surprise:0.00,0.00,0.00,0.00,
binomial0.1
anger:0.00,0.08,0.18,0.26,
contempt:0.00,0.00,0.00,0.00,
disgust:0.00,0.00,0.00,0.00,
fear:0.00,0.00,0.00,0.00,
happy:0.98,0.69,0.46,0.40,
sadness:0.02,0.23,0.36,0.34,
surprise:0.00,0.00,0.00,0.00,

ldbn_2lys_625_500_250_rdbn_2lys_625_500_250_t250
active_h
anger:0.01,0.09,0.31,0.19,
contempt:0.00,0.00,0.00,0.00,
disgust:0.00,0.00,0.00,0.00,
fear:0.00,0.00,0.00,0.00,
happy:0.96,0.76,0.33,0.57,
sadness:0.04,0.14,0.36,0.24,
surprise:0.00,0.00,0.00,0.00,
v_noisy_active_h
anger:0.01,0.10,0.30,0.23,
contempt:0.00,0.00,0.00,0.00,
disgust:0.00,0.00,0.00,0.00,
fear:0.00,0.00,0.00,0.00,
happy:0.96,0.73,0.33,0.55,
sadness:0.04,0.17,0.37,0.22,
surprise:0.00,0.00,0.00,0.00,
zero
anger:0.01,0.10,0.30,0.21,
contempt:0.00,0.00,0.00,0.00,
disgust:0.00,0.00,0.00,0.00,
fear:0.00,0.00,0.00,0.00,
happy:0.96,0.77,0.34,0.58,
sadness:0.04,0.13,0.35,0.21,
surprise:0.00,0.00,0.00,0.00,
binomial0.1
anger:0.01,0.09,0.28,0.23,
contempt:0.00,0.00,0.00,0.00,
disgust:0.00,0.00,0.00,0.00,
fear:0.00,0.00,0.00,0.00,
happy:0.96,0.76,0.34,0.56,
sadness:0.04,0.15,0.37,0.22,
surprise:0.00,0.00,0.00,0.00,

ldbn_2lys_625_500_250_rdbn_2lys_625_500_250_t50
active_h
anger:0.17,0.04,0.01,0.03,
contempt:0.00,0.00,0.00,0.00,
disgust:0.00,0.00,0.00,0.00,
fear:0.00,0.00,0.00,0.00,
happy:0.70,0.89,0.94,0.92,
sadness:0.13,0.07,0.05,0.04,
surprise:0.00,0.00,0.00,0.00,
v_noisy_active_h
anger:0.17,0.07,0.04,0.06,
contempt:0.00,0.00,0.00,0.00,
disgust:0.00,0.00,0.00,0.00,
fear:0.00,0.00,0.00,0.00,
happy:0.70,0.83,0.89,0.87,
sadness:0.13,0.09,0.07,0.07,
surprise:0.00,0.00,0.00,0.00,
zero
anger:0.17,0.34,0.28,0.33,
contempt:0.00,0.00,0.00,0.00,
disgust:0.00,0.00,0.00,0.00,
fear:0.00,0.00,0.00,0.00,
happy:0.70,0.42,0.41,0.44,
sadness:0.13,0.24,0.32,0.23,
surprise:0.00,0.00,0.00,0.00,
binomial0.1
anger:0.17,0.09,0.06,0.04,
contempt:0.00,0.00,0.00,0.00,
disgust:0.00,0.00,0.00,0.00,
fear:0.00,0.00,0.00,0.00,
happy:0.70,0.78,0.86,0.85,
sadness:0.13,0.13,0.08,0.11,
surprise:0.00,0.00,0.00,0.00,

ldbn_2lys_625_500_250_rdbn_2lys_625_500_250_t100
active_h
anger:0.13,0.14,0.13,0.12,
contempt:0.00,0.00,0.00,0.00,
disgust:0.00,0.00,0.00,0.00,
fear:0.00,0.00,0.00,0.00,
happy:0.75,0.70,0.68,0.79,
sadness:0.11,0.16,0.19,0.09,
surprise:0.00,0.00,0.00,0.00,
v_noisy_active_h
anger:0.13,0.18,0.12,0.15,
contempt:0.00,0.00,0.00,0.00,
disgust:0.00,0.00,0.00,0.00,
fear:0.00,0.00,0.00,0.00,
happy:0.75,0.68,0.68,0.74,
sadness:0.11,0.14,0.20,0.11,
surprise:0.00,0.00,0.00,0.00,
zero
anger:0.13,0.39,0.34,0.39,
contempt:0.00,0.00,0.00,0.00,
disgust:0.00,0.00,0.00,0.00,
fear:0.00,0.00,0.00,0.00,
happy:0.75,0.39,0.34,0.40,
sadness:0.11,0.22,0.32,0.21,
surprise:0.00,0.00,0.00,0.00,
binomial0.1
anger:0.13,0.15,0.15,0.18,
contempt:0.00,0.00,0.00,0.00,
disgust:0.00,0.00,0.00,0.00,
fear:0.00,0.00,0.00,0.00,
happy:0.75,0.70,0.67,0.70,
sadness:0.11,0.15,0.18,0.13,
surprise:0.00,0.00,0.00,0.00,

ldbn_2lys_625_500_250_rdbn_2lys_625_500_250_t250
active_h
anger:0.22,0.36,0.39,0.31,
contempt:0.00,0.00,0.00,0.00,
disgust:0.00,0.00,0.00,0.00,
fear:0.00,0.00,0.00,0.00,
happy:0.63,0.42,0.27,0.42,
sadness:0.16,0.22,0.34,0.28,
surprise:0.00,0.00,0.00,0.00,
v_noisy_active_h
anger:0.22,0.35,0.38,0.31,
contempt:0.00,0.00,0.00,0.00,
disgust:0.00,0.00,0.00,0.00,
fear:0.00,0.00,0.00,0.00,
happy:0.63,0.48,0.33,0.42,
sadness:0.16,0.18,0.29,0.27,
surprise:0.00,0.00,0.00,0.00,
zero
anger:0.22,0.37,0.37,0.35,
contempt:0.00,0.00,0.00,0.00,
disgust:0.00,0.00,0.00,0.00,
fear:0.00,0.00,0.00,0.00,
happy:0.63,0.44,0.29,0.41,
sadness:0.16,0.19,0.34,0.24,
surprise:0.00,0.00,0.00,0.00,
binomial0.1
anger:0.22,0.32,0.37,0.32,
contempt:0.00,0.00,0.00,0.00,
disgust:0.00,0.00,0.00,0.00,
fear:0.00,0.00,0.00,0.00,
happy:0.63,0.48,0.35,0.43,
sadness:0.16,0.20,0.28,0.26,
surprise:0.00,0.00,0.00,0.00,

ldbn_2lys_625_500_250_rdbn_2lys_625_500_250_t50
active_h
anger:0.43,0.00,0.01,0.01,
contempt:0.00,0.00,0.00,0.00,
disgust:0.00,0.00,0.00,0.00,
fear:0.00,0.00,0.00,0.00,
happy:0.45,0.97,0.96,0.93,
sadness:0.12,0.03,0.03,0.06,
surprise:0.00,0.00,0.00,0.00,
v_noisy_active_h
anger:0.43,0.01,0.01,0.01,
contempt:0.00,0.00,0.00,0.00,
disgust:0.00,0.00,0.00,0.00,
fear:0.00,0.00,0.00,0.00,
happy:0.45,0.95,0.96,0.93,
sadness:0.12,0.04,0.03,0.06,
surprise:0.00,0.00,0.00,0.00,
zero
anger:0.43,0.01,0.03,0.06,
contempt:0.00,0.00,0.00,0.00,
disgust:0.00,0.00,0.00,0.00,
fear:0.00,0.00,0.00,0.00,
happy:0.45,0.93,0.91,0.82,
sadness:0.12,0.05,0.06,0.12,
surprise:0.00,0.00,0.00,0.00,
binomial0.1
anger:0.43,0.01,0.02,0.02,
contempt:0.00,0.00,0.00,0.00,
disgust:0.00,0.00,0.00,0.00,
fear:0.00,0.00,0.00,0.00,
happy:0.45,0.96,0.94,0.88,
sadness:0.12,0.03,0.04,0.10,
surprise:0.00,0.00,0.00,0.00,

ldbn_2lys_625_500_250_rdbn_2lys_625_500_250_t100
active_h
anger:0.37,0.02,0.03,0.07,
contempt:0.00,0.00,0.00,0.00,
disgust:0.00,0.00,0.00,0.00,
fear:0.00,0.00,0.00,0.00,
happy:0.50,0.94,0.92,0.81,
sadness:0.13,0.04,0.05,0.12,
surprise:0.00,0.00,0.00,0.00,
v_noisy_active_h
anger:0.37,0.02,0.02,0.05,
contempt:0.00,0.00,0.00,0.00,
disgust:0.00,0.00,0.00,0.00,
fear:0.00,0.00,0.00,0.00,
happy:0.50,0.93,0.93,0.84,
sadness:0.13,0.05,0.05,0.11,
surprise:0.00,0.00,0.00,0.00,
zero
anger:0.37,0.06,0.07,0.14,
contempt:0.00,0.00,0.00,0.00,
disgust:0.00,0.00,0.00,0.00,
fear:0.00,0.00,0.00,0.00,
happy:0.50,0.85,0.83,0.68,
sadness:0.13,0.09,0.10,0.18,
surprise:0.00,0.00,0.00,0.00,
binomial0.1
anger:0.37,0.03,0.03,0.08,
contempt:0.00,0.00,0.00,0.00,
disgust:0.00,0.00,0.00,0.00,
fear:0.00,0.00,0.00,0.00,
happy:0.50,0.92,0.90,0.77,
sadness:0.13,0.05,0.06,0.15,
surprise:0.00,0.00,0.00,0.00,

ldbn_2lys_625_500_250_rdbn_2lys_625_500_250_t250
active_h
anger:0.28,0.04,0.10,0.12,
contempt:0.00,0.00,0.00,0.00,
disgust:0.00,0.00,0.00,0.00,
fear:0.00,0.00,0.00,0.00,
happy:0.55,0.88,0.77,0.68,
sadness:0.17,0.08,0.13,0.19,
surprise:0.00,0.00,0.00,0.00,
v_noisy_active_h
anger:0.28,0.06,0.09,0.09,
contempt:0.00,0.00,0.00,0.00,
disgust:0.00,0.00,0.00,0.00,
fear:0.00,0.00,0.00,0.00,
happy:0.55,0.84,0.76,0.72,
sadness:0.17,0.10,0.15,0.19,
surprise:0.00,0.00,0.00,0.00,
zero
anger:0.28,0.15,0.19,0.17,
contempt:0.00,0.00,0.00,0.00,
disgust:0.00,0.00,0.00,0.00,
fear:0.00,0.00,0.00,0.00,
happy:0.55,0.67,0.62,0.57,
sadness:0.17,0.18,0.19,0.27,
surprise:0.00,0.00,0.00,0.00,
binomial0.1
anger:0.28,0.09,0.16,0.16,
contempt:0.00,0.00,0.00,0.00,
disgust:0.00,0.00,0.00,0.00,
fear:0.00,0.00,0.00,0.00,
happy:0.55,0.78,0.69,0.62,
sadness:0.17,0.13,0.15,0.22,
surprise:0.00,0.00,0.00,0.00,

ldbn_2lys_625_500_250_rdbn_2lys_625_500_250_t50
active_h
anger:0.01,0.01,0.16,0.11,
contempt:0.00,0.00,0.00,0.00,
disgust:0.00,0.00,0.00,0.00,
fear:0.00,0.00,0.00,0.00,
happy:0.78,0.97,0.64,0.75,
sadness:0.20,0.02,0.20,0.14,
surprise:0.00,0.00,0.00,0.00,
v_noisy_active_h
anger:0.01,0.01,0.16,0.13,
contempt:0.00,0.00,0.00,0.00,
disgust:0.00,0.00,0.00,0.00,
fear:0.00,0.00,0.00,0.00,
happy:0.78,0.97,0.59,0.73,
sadness:0.20,0.02,0.25,0.14,
surprise:0.00,0.00,0.00,0.00,
zero
anger:0.01,0.00,0.18,0.12,
contempt:0.00,0.00,0.00,0.00,
disgust:0.00,0.00,0.00,0.00,
fear:0.00,0.00,0.00,0.00,
happy:0.78,0.97,0.61,0.73,
sadness:0.20,0.03,0.21,0.15,
surprise:0.00,0.00,0.00,0.00,
binomial0.1
anger:0.01,0.00,0.18,0.12,
contempt:0.00,0.00,0.00,0.00,
disgust:0.00,0.00,0.00,0.00,
fear:0.00,0.00,0.00,0.00,
happy:0.78,0.97,0.63,0.76,
sadness:0.20,0.03,0.19,0.12,
surprise:0.00,0.00,0.00,0.00,

ldbn_2lys_625_500_250_rdbn_2lys_625_500_250_t100
active_h
anger:0.01,0.00,0.19,0.17,
contempt:0.00,0.00,0.00,0.00,
disgust:0.00,0.00,0.00,0.00,
fear:0.00,0.00,0.00,0.00,
happy:0.81,0.97,0.65,0.66,
sadness:0.19,0.03,0.15,0.17,
surprise:0.00,0.00,0.00,0.00,
v_noisy_active_h
anger:0.01,0.00,0.20,0.17,
contempt:0.00,0.00,0.00,0.00,
disgust:0.00,0.00,0.00,0.00,
fear:0.00,0.00,0.00,0.00,
happy:0.81,0.97,0.62,0.67,
sadness:0.19,0.03,0.18,0.16,
surprise:0.00,0.00,0.00,0.00,
zero
anger:0.01,0.01,0.20,0.16,
contempt:0.00,0.00,0.00,0.00,
disgust:0.00,0.00,0.00,0.00,
fear:0.00,0.00,0.00,0.00,
happy:0.81,0.96,0.64,0.68,
sadness:0.19,0.03,0.17,0.15,
surprise:0.00,0.00,0.00,0.00,
binomial0.1
anger:0.01,0.01,0.19,0.15,
contempt:0.00,0.00,0.00,0.00,
disgust:0.00,0.00,0.00,0.00,
fear:0.00,0.00,0.00,0.00,
happy:0.81,0.97,0.64,0.69,
sadness:0.19,0.03,0.17,0.15,
surprise:0.00,0.00,0.00,0.00,

ldbn_2lys_625_500_250_rdbn_2lys_625_500_250_t250
active_h
anger:0.02,0.01,0.16,0.15,
contempt:0.00,0.00,0.00,0.00,
disgust:0.00,0.00,0.00,0.00,
fear:0.00,0.00,0.00,0.00,
happy:0.79,0.92,0.67,0.77,
sadness:0.18,0.07,0.18,0.08,
surprise:0.00,0.00,0.00,0.00,
v_noisy_active_h
anger:0.02,0.01,0.16,0.13,
contempt:0.00,0.00,0.00,0.00,
disgust:0.00,0.00,0.00,0.00,
fear:0.00,0.00,0.00,0.00,
happy:0.79,0.95,0.66,0.79,
sadness:0.18,0.04,0.19,0.07,
surprise:0.00,0.00,0.00,0.00,
zero
anger:0.02,0.01,0.15,0.15,
contempt:0.00,0.00,0.00,0.00,
disgust:0.00,0.00,0.00,0.00,
fear:0.00,0.00,0.00,0.00,
happy:0.79,0.93,0.68,0.77,
sadness:0.18,0.06,0.17,0.08,
surprise:0.00,0.00,0.00,0.00,
binomial0.1
anger:0.02,0.01,0.15,0.14,
contempt:0.00,0.00,0.00,0.00,
disgust:0.00,0.00,0.00,0.00,
fear:0.00,0.00,0.00,0.00,
happy:0.79,0.93,0.68,0.77,
sadness:0.18,0.06,0.17,0.09,
surprise:0.00,0.00,0.00,0.00,

ldbn_2lys_625_500_250_rdbn_2lys_625_500_250_t50
active_h
anger:0.16,0.05,0.02,0.02,
contempt:0.00,0.00,0.00,0.00,
disgust:0.00,0.00,0.00,0.00,
fear:0.00,0.00,0.00,0.00,
happy:0.70,0.87,0.93,0.90,
sadness:0.14,0.08,0.05,0.08,
surprise:0.00,0.00,0.00,0.00,
v_noisy_active_h
anger:0.16,0.06,0.07,0.04,
contempt:0.00,0.00,0.00,0.00,
disgust:0.00,0.00,0.00,0.00,
fear:0.00,0.00,0.00,0.00,
happy:0.70,0.84,0.87,0.86,
sadness:0.14,0.09,0.07,0.10,
surprise:0.00,0.00,0.00,0.00,
zero
anger:0.16,0.28,0.33,0.31,
contempt:0.00,0.00,0.00,0.00,
disgust:0.00,0.00,0.00,0.00,
fear:0.00,0.00,0.00,0.00,
happy:0.70,0.42,0.41,0.44,
sadness:0.14,0.30,0.26,0.25,
surprise:0.00,0.00,0.00,0.00,
binomial0.1
anger:0.16,0.09,0.11,0.05,
contempt:0.00,0.00,0.00,0.00,
disgust:0.00,0.00,0.00,0.00,
fear:0.00,0.00,0.00,0.00,
happy:0.70,0.78,0.79,0.81,
sadness:0.14,0.13,0.09,0.14,
surprise:0.00,0.00,0.00,0.00,

ldbn_2lys_625_500_250_rdbn_2lys_625_500_250_t100
active_h
anger:0.14,0.11,0.15,0.08,
contempt:0.00,0.00,0.00,0.00,
disgust:0.00,0.00,0.00,0.00,
fear:0.00,0.00,0.00,0.00,
happy:0.72,0.69,0.72,0.77,
sadness:0.14,0.19,0.13,0.16,
surprise:0.00,0.00,0.00,0.00,
v_noisy_active_h
anger:0.14,0.16,0.20,0.13,
contempt:0.00,0.00,0.00,0.00,
disgust:0.00,0.00,0.00,0.00,
fear:0.00,0.00,0.00,0.00,
happy:0.72,0.63,0.64,0.71,
sadness:0.14,0.21,0.16,0.16,
surprise:0.00,0.00,0.00,0.00,
zero
anger:0.14,0.30,0.42,0.36,
contempt:0.00,0.00,0.00,0.00,
disgust:0.00,0.00,0.00,0.00,
fear:0.00,0.00,0.00,0.00,
happy:0.72,0.42,0.34,0.40,
sadness:0.14,0.28,0.24,0.24,
surprise:0.00,0.00,0.00,0.00,
binomial0.1
anger:0.14,0.19,0.20,0.13,
contempt:0.00,0.00,0.00,0.00,
disgust:0.00,0.00,0.00,0.00,
fear:0.00,0.00,0.00,0.00,
happy:0.72,0.61,0.66,0.71,
sadness:0.14,0.19,0.14,0.16,
surprise:0.00,0.00,0.00,0.00,

ldbn_2lys_625_500_250_rdbn_2lys_625_500_250_t250
active_h
anger:0.22,0.30,0.35,0.44,
contempt:0.00,0.00,0.00,0.00,
disgust:0.00,0.00,0.00,0.00,
fear:0.00,0.00,0.00,0.00,
happy:0.66,0.34,0.34,0.29,
sadness:0.12,0.35,0.31,0.27,
surprise:0.00,0.00,0.00,0.00,
v_noisy_active_h
anger:0.22,0.31,0.39,0.42,
contempt:0.00,0.00,0.00,0.00,
disgust:0.00,0.00,0.00,0.00,
fear:0.00,0.00,0.00,0.00,
happy:0.66,0.39,0.35,0.31,
sadness:0.12,0.30,0.27,0.27,
surprise:0.00,0.00,0.00,0.00,
zero
anger:0.22,0.31,0.38,0.41,
contempt:0.00,0.00,0.00,0.00,
disgust:0.00,0.00,0.00,0.00,
fear:0.00,0.00,0.00,0.00,
happy:0.66,0.39,0.34,0.32,
sadness:0.12,0.30,0.28,0.27,
surprise:0.00,0.00,0.00,0.00,
binomial0.1
anger:0.22,0.29,0.37,0.38,
contempt:0.00,0.00,0.00,0.00,
disgust:0.00,0.00,0.00,0.00,
fear:0.00,0.00,0.00,0.00,
happy:0.66,0.40,0.37,0.34,
sadness:0.12,0.30,0.27,0.27,
surprise:0.00,0.00,0.00,0.00,

ldbn_2lys_625_500_250_rdbn_2lys_625_500_250_t50
active_h
anger:0.30,0.01,0.02,0.01,
contempt:0.00,0.00,0.00,0.00,
disgust:0.00,0.00,0.00,0.00,
fear:0.00,0.00,0.00,0.00,
happy:0.29,0.95,0.96,0.94,
sadness:0.41,0.04,0.03,0.05,
surprise:0.00,0.00,0.00,0.00,
v_noisy_active_h
anger:0.30,0.01,0.02,0.01,
contempt:0.00,0.00,0.00,0.00,
disgust:0.00,0.00,0.00,0.00,
fear:0.00,0.00,0.00,0.00,
happy:0.29,0.95,0.95,0.94,
sadness:0.41,0.04,0.03,0.05,
surprise:0.00,0.00,0.00,0.00,
zero
anger:0.30,0.02,0.05,0.03,
contempt:0.00,0.00,0.00,0.00,
disgust:0.00,0.00,0.00,0.00,
fear:0.00,0.00,0.00,0.00,
happy:0.29,0.92,0.88,0.87,
sadness:0.41,0.05,0.07,0.10,
surprise:0.00,0.00,0.00,0.00,
binomial0.1
anger:0.30,0.01,0.04,0.02,
contempt:0.00,0.00,0.00,0.00,
disgust:0.00,0.00,0.00,0.00,
fear:0.00,0.00,0.00,0.00,
happy:0.29,0.95,0.92,0.90,
sadness:0.41,0.04,0.04,0.08,
surprise:0.00,0.00,0.00,0.00,

ldbn_2lys_625_500_250_rdbn_2lys_625_500_250_t100
active_h
anger:0.28,0.03,0.05,0.05,
contempt:0.00,0.00,0.00,0.00,
disgust:0.00,0.00,0.00,0.00,
fear:0.00,0.00,0.00,0.00,
happy:0.37,0.94,0.90,0.86,
sadness:0.34,0.03,0.06,0.09,
surprise:0.00,0.00,0.00,0.00,
v_noisy_active_h
anger:0.28,0.03,0.05,0.04,
contempt:0.00,0.00,0.00,0.00,
disgust:0.00,0.00,0.00,0.00,
fear:0.00,0.00,0.00,0.00,
happy:0.37,0.93,0.89,0.87,
sadness:0.34,0.03,0.06,0.10,
surprise:0.00,0.00,0.00,0.00,
zero
anger:0.28,0.06,0.11,0.13,
contempt:0.00,0.00,0.00,0.00,
disgust:0.00,0.00,0.00,0.00,
fear:0.00,0.00,0.00,0.00,
happy:0.37,0.87,0.76,0.67,
sadness:0.34,0.07,0.13,0.20,
surprise:0.00,0.00,0.00,0.00,
binomial0.1
anger:0.28,0.02,0.05,0.07,
contempt:0.00,0.00,0.00,0.00,
disgust:0.00,0.00,0.00,0.00,
fear:0.00,0.00,0.00,0.00,
happy:0.37,0.93,0.87,0.82,
sadness:0.34,0.05,0.08,0.12,
surprise:0.00,0.00,0.00,0.00,

ldbn_2lys_625_500_250_rdbn_2lys_625_500_250_t250
active_h
anger:0.25,0.07,0.14,0.19,
contempt:0.00,0.00,0.00,0.00,
disgust:0.00,0.00,0.00,0.00,
fear:0.00,0.00,0.00,0.00,
happy:0.45,0.80,0.73,0.63,
sadness:0.30,0.12,0.13,0.18,
surprise:0.00,0.00,0.00,0.00,
v_noisy_active_h
anger:0.25,0.05,0.12,0.15,
contempt:0.00,0.00,0.00,0.00,
disgust:0.00,0.00,0.00,0.00,
fear:0.00,0.00,0.00,0.00,
happy:0.45,0.83,0.75,0.68,
sadness:0.30,0.12,0.13,0.17,
surprise:0.00,0.00,0.00,0.00,
zero
anger:0.25,0.17,0.24,0.28,
contempt:0.00,0.00,0.00,0.00,
disgust:0.00,0.00,0.00,0.00,
fear:0.00,0.00,0.00,0.00,
happy:0.45,0.63,0.57,0.48,
sadness:0.30,0.19,0.19,0.24,
surprise:0.00,0.00,0.00,0.00,
binomial0.1
anger:0.25,0.10,0.20,0.21,
contempt:0.00,0.00,0.00,0.00,
disgust:0.00,0.00,0.00,0.00,
fear:0.00,0.00,0.00,0.00,
happy:0.45,0.74,0.64,0.58,
sadness:0.30,0.16,0.16,0.22,
surprise:0.00,0.00,0.00,0.00,

ldbn_2lys_625_500_250_rdbn_2lys_625_500_250_t50
active_h
anger:0.14,0.00,0.00,0.01,
contempt:0.00,0.00,0.00,0.00,
disgust:0.00,0.00,0.00,0.00,
fear:0.00,0.00,0.00,0.00,
happy:0.79,0.99,0.97,0.67,
sadness:0.07,0.00,0.02,0.32,
surprise:0.00,0.00,0.00,0.00,
v_noisy_active_h
anger:0.14,0.00,0.01,0.01,
contempt:0.00,0.00,0.00,0.00,
disgust:0.00,0.00,0.00,0.00,
fear:0.00,0.00,0.00,0.00,
happy:0.79,1.00,0.97,0.63,
sadness:0.07,0.00,0.02,0.36,
surprise:0.00,0.00,0.00,0.00,
zero
anger:0.14,0.00,0.00,0.01,
contempt:0.00,0.00,0.00,0.00,
disgust:0.00,0.00,0.00,0.00,
fear:0.00,0.00,0.00,0.00,
happy:0.79,1.00,0.97,0.68,
sadness:0.07,0.00,0.03,0.31,
surprise:0.00,0.00,0.00,0.00,
binomial0.1
anger:0.14,0.00,0.00,0.02,
contempt:0.00,0.00,0.00,0.00,
disgust:0.00,0.00,0.00,0.00,
fear:0.00,0.00,0.00,0.00,
happy:0.79,1.00,0.98,0.67,
sadness:0.07,0.00,0.02,0.31,
surprise:0.00,0.00,0.00,0.00,

ldbn_2lys_625_500_250_rdbn_2lys_625_500_250_t100
active_h
anger:0.16,0.00,0.00,0.01,
contempt:0.00,0.00,0.00,0.00,
disgust:0.00,0.00,0.00,0.00,
fear:0.00,0.00,0.00,0.00,
happy:0.77,1.00,0.99,0.65,
sadness:0.07,0.00,0.01,0.34,
surprise:0.00,0.00,0.00,0.00,
v_noisy_active_h
anger:0.16,0.00,0.00,0.01,
contempt:0.00,0.00,0.00,0.00,
disgust:0.00,0.00,0.00,0.00,
fear:0.00,0.00,0.00,0.00,
happy:0.77,1.00,0.99,0.63,
sadness:0.07,0.00,0.01,0.36,
surprise:0.00,0.00,0.00,0.00,
zero
anger:0.16,0.00,0.00,0.01,
contempt:0.00,0.00,0.00,0.00,
disgust:0.00,0.00,0.00,0.00,
fear:0.00,0.00,0.00,0.00,
happy:0.77,0.99,0.99,0.68,
sadness:0.07,0.00,0.01,0.31,
surprise:0.00,0.00,0.00,0.00,
binomial0.1
anger:0.16,0.01,0.00,0.01,
contempt:0.00,0.00,0.00,0.00,
disgust:0.00,0.00,0.00,0.00,
fear:0.00,0.00,0.00,0.00,
happy:0.77,0.99,0.99,0.67,
sadness:0.07,0.00,0.01,0.32,
surprise:0.00,0.00,0.00,0.00,

ldbn_2lys_625_500_250_rdbn_2lys_625_500_250_t250
active_h
anger:0.15,0.00,0.00,0.01,
contempt:0.00,0.00,0.00,0.00,
disgust:0.00,0.00,0.00,0.00,
fear:0.00,0.00,0.00,0.00,
happy:0.77,0.99,0.96,0.70,
sadness:0.08,0.01,0.04,0.29,
surprise:0.00,0.00,0.00,0.00,
v_noisy_active_h
anger:0.15,0.00,0.01,0.01,
contempt:0.00,0.00,0.00,0.00,
disgust:0.00,0.00,0.00,0.00,
fear:0.00,0.00,0.00,0.00,
happy:0.77,0.99,0.96,0.70,
sadness:0.08,0.00,0.03,0.28,
surprise:0.00,0.00,0.00,0.00,
zero
anger:0.15,0.00,0.01,0.01,
contempt:0.00,0.00,0.00,0.00,
disgust:0.00,0.00,0.00,0.00,
fear:0.00,0.00,0.00,0.00,
happy:0.77,1.00,0.95,0.67,
sadness:0.08,0.00,0.03,0.31,
surprise:0.00,0.00,0.00,0.00,
binomial0.1
anger:0.15,0.00,0.01,0.01,
contempt:0.00,0.00,0.00,0.00,
disgust:0.00,0.00,0.00,0.00,
fear:0.00,0.00,0.00,0.00,
happy:0.77,1.00,0.96,0.70,
sadness:0.08,0.00,0.03,0.28,
surprise:0.00,0.00,0.00,0.00,

ldbn_2lys_625_500_250_rdbn_2lys_625_500_250_t50
active_h
anger:0.16,0.11,0.07,0.08,
contempt:0.00,0.00,0.00,0.00,
disgust:0.00,0.00,0.00,0.00,
fear:0.00,0.00,0.00,0.00,
happy:0.66,0.76,0.84,0.78,
sadness:0.18,0.13,0.09,0.14,
surprise:0.00,0.00,0.00,0.00,
v_noisy_active_h
anger:0.16,0.10,0.09,0.06,
contempt:0.00,0.00,0.00,0.00,
disgust:0.00,0.00,0.00,0.00,
fear:0.00,0.00,0.00,0.00,
happy:0.66,0.79,0.82,0.83,
sadness:0.18,0.11,0.10,0.11,
surprise:0.00,0.00,0.00,0.00,
zero
anger:0.16,0.25,0.34,0.21,
contempt:0.00,0.00,0.00,0.00,
disgust:0.00,0.00,0.00,0.00,
fear:0.00,0.00,0.00,0.00,
happy:0.66,0.50,0.40,0.54,
sadness:0.18,0.26,0.26,0.25,
surprise:0.00,0.00,0.00,0.00,
binomial0.1
anger:0.16,0.10,0.10,0.06,
contempt:0.00,0.00,0.00,0.00,
disgust:0.00,0.00,0.00,0.00,
fear:0.00,0.00,0.00,0.00,
happy:0.66,0.80,0.77,0.82,
sadness:0.18,0.10,0.12,0.12,
surprise:0.00,0.00,0.00,0.00,

ldbn_2lys_625_500_250_rdbn_2lys_625_500_250_t100
active_h
anger:0.13,0.21,0.14,0.08,
contempt:0.00,0.00,0.00,0.00,
disgust:0.00,0.00,0.00,0.00,
fear:0.00,0.00,0.00,0.00,
happy:0.75,0.63,0.69,0.80,
sadness:0.11,0.16,0.18,0.12,
surprise:0.00,0.00,0.00,0.00,
v_noisy_active_h
anger:0.13,0.22,0.21,0.11,
contempt:0.00,0.00,0.00,0.00,
disgust:0.00,0.00,0.00,0.00,
fear:0.00,0.00,0.00,0.00,
happy:0.75,0.61,0.64,0.74,
sadness:0.11,0.17,0.15,0.15,
surprise:0.00,0.00,0.00,0.00,
zero
anger:0.13,0.34,0.39,0.27,
contempt:0.00,0.00,0.00,0.00,
disgust:0.00,0.00,0.00,0.00,
fear:0.00,0.00,0.00,0.00,
happy:0.75,0.41,0.37,0.41,
sadness:0.11,0.24,0.23,0.31,
surprise:0.00,0.00,0.00,0.00,
binomial0.1
anger:0.13,0.20,0.18,0.14,
contempt:0.00,0.00,0.00,0.00,
disgust:0.00,0.00,0.00,0.00,
fear:0.00,0.00,0.00,0.00,
happy:0.75,0.62,0.68,0.67,
sadness:0.11,0.17,0.14,0.19,
surprise:0.00,0.00,0.00,0.00,

ldbn_2lys_625_500_250_rdbn_2lys_625_500_250_t250
active_h
anger:0.20,0.38,0.33,0.32,
contempt:0.00,0.00,0.00,0.00,
disgust:0.00,0.00,0.00,0.00,
fear:0.00,0.00,0.00,0.00,
happy:0.67,0.41,0.34,0.30,
sadness:0.12,0.21,0.33,0.38,
surprise:0.00,0.00,0.00,0.00,
v_noisy_active_h
anger:0.20,0.35,0.36,0.34,
contempt:0.00,0.00,0.00,0.00,
disgust:0.00,0.00,0.00,0.00,
fear:0.00,0.00,0.00,0.00,
happy:0.67,0.40,0.37,0.33,
sadness:0.12,0.25,0.27,0.33,
surprise:0.00,0.00,0.00,0.00,
zero
anger:0.20,0.34,0.39,0.33,
contempt:0.00,0.00,0.00,0.00,
disgust:0.00,0.00,0.00,0.00,
fear:0.00,0.00,0.00,0.00,
happy:0.67,0.45,0.31,0.34,
sadness:0.12,0.21,0.30,0.33,
surprise:0.00,0.00,0.00,0.00,
binomial0.1
anger:0.20,0.33,0.33,0.29,
contempt:0.00,0.00,0.00,0.00,
disgust:0.00,0.00,0.00,0.00,
fear:0.00,0.00,0.00,0.00,
happy:0.67,0.44,0.36,0.35,
sadness:0.12,0.23,0.31,0.36,
surprise:0.00,0.00,0.00,0.00,

ldbn_2lys_625_500_250_rdbn_2lys_625_500_250_t50
active_h
anger:0.38,0.02,0.03,0.01,
contempt:0.00,0.00,0.00,0.00,
disgust:0.00,0.00,0.00,0.00,
fear:0.00,0.00,0.00,0.00,
happy:0.42,0.96,0.94,0.95,
sadness:0.20,0.02,0.02,0.04,
surprise:0.00,0.00,0.00,0.00,
v_noisy_active_h
anger:0.38,0.02,0.03,0.01,
contempt:0.00,0.00,0.00,0.00,
disgust:0.00,0.00,0.00,0.00,
fear:0.00,0.00,0.00,0.00,
happy:0.42,0.93,0.94,0.93,
sadness:0.20,0.04,0.03,0.06,
surprise:0.00,0.00,0.00,0.00,
zero
anger:0.38,0.04,0.04,0.05,
contempt:0.00,0.00,0.00,0.00,
disgust:0.00,0.00,0.00,0.00,
fear:0.00,0.00,0.00,0.00,
happy:0.42,0.91,0.89,0.83,
sadness:0.20,0.06,0.07,0.11,
surprise:0.00,0.00,0.00,0.00,
binomial0.1
anger:0.38,0.02,0.03,0.03,
contempt:0.00,0.00,0.00,0.00,
disgust:0.00,0.00,0.00,0.00,
fear:0.00,0.00,0.00,0.00,
happy:0.42,0.94,0.92,0.87,
sadness:0.20,0.04,0.04,0.10,
surprise:0.00,0.00,0.00,0.00,

ldbn_2lys_625_500_250_rdbn_2lys_625_500_250_t100
active_h
anger:0.38,0.02,0.04,0.04,
contempt:0.00,0.00,0.00,0.00,
disgust:0.00,0.00,0.00,0.00,
fear:0.00,0.00,0.00,0.00,
happy:0.41,0.92,0.90,0.86,
sadness:0.21,0.07,0.06,0.09,
surprise:0.00,0.00,0.00,0.00,
v_noisy_active_h
anger:0.38,0.03,0.05,0.03,
contempt:0.00,0.00,0.00,0.00,
disgust:0.00,0.00,0.00,0.00,
fear:0.00,0.00,0.00,0.00,
happy:0.41,0.89,0.90,0.89,
sadness:0.21,0.08,0.06,0.08,
surprise:0.00,0.00,0.00,0.00,
zero
anger:0.38,0.06,0.13,0.12,
contempt:0.00,0.00,0.00,0.00,
disgust:0.00,0.00,0.00,0.00,
fear:0.00,0.00,0.00,0.00,
happy:0.41,0.82,0.75,0.73,
sadness:0.21,0.13,0.12,0.15,
surprise:0.00,0.00,0.00,0.00,
binomial0.1
anger:0.38,0.04,0.08,0.06,
contempt:0.00,0.00,0.00,0.00,
disgust:0.00,0.00,0.00,0.00,
fear:0.00,0.00,0.00,0.00,
happy:0.41,0.87,0.82,0.83,
sadness:0.21,0.09,0.10,0.11,
surprise:0.00,0.00,0.00,0.00,

ldbn_2lys_625_500_250_rdbn_2lys_625_500_250_t250
active_h
anger:0.28,0.08,0.11,0.14,
contempt:0.00,0.00,0.00,0.00,
disgust:0.00,0.00,0.00,0.00,
fear:0.00,0.00,0.00,0.00,
happy:0.51,0.85,0.80,0.66,
sadness:0.21,0.08,0.09,0.20,
surprise:0.00,0.00,0.00,0.00,
v_noisy_active_h
anger:0.28,0.07,0.11,0.15,
contempt:0.00,0.00,0.00,0.00,
disgust:0.00,0.00,0.00,0.00,
fear:0.00,0.00,0.00,0.00,
happy:0.51,0.83,0.75,0.65,
sadness:0.21,0.10,0.14,0.19,
surprise:0.00,0.00,0.00,0.00,
zero
anger:0.28,0.16,0.22,0.25,
contempt:0.00,0.00,0.00,0.00,
disgust:0.00,0.00,0.00,0.00,
fear:0.00,0.00,0.00,0.00,
happy:0.51,0.68,0.58,0.51,
sadness:0.21,0.17,0.20,0.24,
surprise:0.00,0.00,0.00,0.00,
binomial0.1
anger:0.28,0.11,0.18,0.23,
contempt:0.00,0.00,0.00,0.00,
disgust:0.00,0.00,0.00,0.00,
fear:0.00,0.00,0.00,0.00,
happy:0.51,0.76,0.66,0.55,
sadness:0.21,0.13,0.16,0.22,
surprise:0.00,0.00,0.00,0.00,

ldbn_2lys_625_500_250_rdbn_2lys_625_500_250_t50
active_h
anger:0.18,0.00,0.00,0.13,
contempt:0.00,0.00,0.00,0.00,
disgust:0.00,0.00,0.00,0.00,
fear:0.00,0.00,0.00,0.00,
happy:0.75,0.99,0.99,0.80,
sadness:0.06,0.01,0.01,0.06,
surprise:0.00,0.00,0.00,0.00,
v_noisy_active_h
anger:0.18,0.00,0.00,0.14,
contempt:0.00,0.00,0.00,0.00,
disgust:0.00,0.00,0.00,0.00,
fear:0.00,0.00,0.00,0.00,
happy:0.75,0.98,0.99,0.81,
sadness:0.06,0.01,0.01,0.06,
surprise:0.00,0.00,0.00,0.00,
zero
anger:0.18,0.00,0.00,0.12,
contempt:0.00,0.00,0.00,0.00,
disgust:0.00,0.00,0.00,0.00,
fear:0.00,0.00,0.00,0.00,
happy:0.75,0.99,0.98,0.81,
sadness:0.06,0.00,0.02,0.07,
surprise:0.00,0.00,0.00,0.00,
binomial0.1
anger:0.18,0.00,0.00,0.13,
contempt:0.00,0.00,0.00,0.00,
disgust:0.00,0.00,0.00,0.00,
fear:0.00,0.00,0.00,0.00,
happy:0.75,0.99,0.99,0.80,
sadness:0.06,0.00,0.01,0.07,
surprise:0.00,0.00,0.00,0.00,

ldbn_2lys_625_500_250_rdbn_2lys_625_500_250_t100
active_h
anger:0.16,0.00,0.00,0.04,
contempt:0.00,0.00,0.00,0.00,
disgust:0.00,0.00,0.00,0.00,
fear:0.00,0.00,0.00,0.00,
happy:0.77,0.99,0.98,0.89,
sadness:0.07,0.00,0.02,0.07,
surprise:0.00,0.00,0.00,0.00,
v_noisy_active_h
anger:0.16,0.00,0.00,0.04,
contempt:0.00,0.00,0.00,0.00,
disgust:0.00,0.00,0.00,0.00,
fear:0.00,0.00,0.00,0.00,
happy:0.77,1.00,0.98,0.89,
sadness:0.07,0.00,0.02,0.07,
surprise:0.00,0.00,0.00,0.00,
zero
anger:0.16,0.01,0.00,0.04,
contempt:0.00,0.00,0.00,0.00,
disgust:0.00,0.00,0.00,0.00,
fear:0.00,0.00,0.00,0.00,
happy:0.77,0.99,0.97,0.88,
sadness:0.07,0.00,0.03,0.08,
surprise:0.00,0.00,0.00,0.00,
binomial0.1
anger:0.16,0.00,0.00,0.05,
contempt:0.00,0.00,0.00,0.00,
disgust:0.00,0.00,0.00,0.00,
fear:0.00,0.00,0.00,0.00,
happy:0.77,0.99,0.99,0.88,
sadness:0.07,0.00,0.01,0.07,
surprise:0.00,0.00,0.00,0.00,

ldbn_2lys_625_500_250_rdbn_2lys_625_500_250_t250
active_h
anger:0.16,0.00,0.00,0.03,
contempt:0.00,0.00,0.00,0.00,
disgust:0.00,0.00,0.00,0.00,
fear:0.00,0.00,0.00,0.00,
happy:0.75,1.00,0.99,0.89,
sadness:0.09,0.00,0.01,0.08,
surprise:0.00,0.00,0.00,0.00,
v_noisy_active_h
anger:0.16,0.00,0.00,0.03,
contempt:0.00,0.00,0.00,0.00,
disgust:0.00,0.00,0.00,0.00,
fear:0.00,0.00,0.00,0.00,
happy:0.75,1.00,1.00,0.92,
sadness:0.09,0.00,0.00,0.06,
surprise:0.00,0.00,0.00,0.00,
zero
anger:0.16,0.00,0.00,0.02,
contempt:0.00,0.00,0.00,0.00,
disgust:0.00,0.00,0.00,0.00,
fear:0.00,0.00,0.00,0.00,
happy:0.75,1.00,0.99,0.92,
sadness:0.09,0.00,0.01,0.06,
surprise:0.00,0.00,0.00,0.00,
binomial0.1
anger:0.16,0.00,0.00,0.02,
contempt:0.00,0.00,0.00,0.00,
disgust:0.00,0.00,0.00,0.00,
fear:0.00,0.00,0.00,0.00,
happy:0.75,1.00,0.98,0.91,
sadness:0.09,0.00,0.02,0.07,
surprise:0.00,0.00,0.00,0.00,


