ExperimentDBN25
0, dbn_3lys_1250_500_100_100
anger:0.02,0.02,0.02,0.03,
contempt:0.00,0.00,0.00,0.00,
disgust:0.00,0.00,0.00,0.00,
fear:0.00,0.00,0.00,0.00,
happy:0.96,0.95,0.95,0.95,
sadness:0.03,0.02,0.03,0.02,
surprise:0.00,0.00,0.00,0.00,

1, dbn_3lys_1250_500_100_250
anger:0.02,0.02,0.02,0.02,
contempt:0.00,0.00,0.00,0.00,
disgust:0.00,0.00,0.00,0.00,
fear:0.00,0.00,0.00,0.00,
happy:0.96,0.95,0.96,0.95,
sadness:0.02,0.03,0.02,0.03,
surprise:0.00,0.00,0.00,0.00,

2, dbn_3lys_1250_500_100_500
anger:0.02,0.02,0.01,0.01,
contempt:0.00,0.00,0.00,0.00,
disgust:0.00,0.00,0.00,0.00,
fear:0.00,0.00,0.00,0.00,
happy:0.96,0.95,0.97,0.97,
sadness:0.02,0.02,0.02,0.02,
surprise:0.00,0.00,0.00,0.00,

3, dbn_3lys_1250_500_250_100
anger:0.02,0.02,0.02,0.01,
contempt:0.00,0.00,0.00,0.00,
disgust:0.00,0.00,0.00,0.00,
fear:0.00,0.00,0.00,0.00,
happy:0.97,0.97,0.96,0.97,
sadness:0.01,0.01,0.02,0.03,
surprise:0.00,0.00,0.00,0.00,

4, dbn_3lys_1250_500_250_250
anger:0.01,0.01,0.02,0.02,
contempt:0.00,0.00,0.00,0.00,
disgust:0.00,0.00,0.00,0.00,
fear:0.00,0.00,0.00,0.00,
happy:0.97,0.98,0.96,0.96,
sadness:0.02,0.01,0.02,0.02,
surprise:0.00,0.00,0.00,0.00,

5, dbn_3lys_1250_500_250_500
anger:0.02,0.02,0.02,0.01,
contempt:0.00,0.00,0.00,0.00,
disgust:0.00,0.00,0.00,0.00,
fear:0.00,0.00,0.00,0.00,
happy:0.97,0.96,0.96,0.96,
sadness:0.01,0.02,0.02,0.02,
surprise:0.00,0.00,0.00,0.00,

6, dbn_3lys_1250_500_500_100
anger:0.02,0.01,0.02,0.03,
contempt:0.00,0.00,0.00,0.00,
disgust:0.00,0.00,0.00,0.00,
fear:0.00,0.00,0.00,0.00,
happy:0.96,0.96,0.96,0.96,
sadness:0.02,0.02,0.02,0.01,
surprise:0.00,0.00,0.00,0.00,

7, dbn_3lys_1250_500_500_250
anger:0.02,0.01,0.01,0.03,
contempt:0.00,0.00,0.00,0.00,
disgust:0.00,0.00,0.00,0.00,
fear:0.00,0.00,0.00,0.00,
happy:0.96,0.97,0.97,0.95,
sadness:0.02,0.02,0.02,0.02,
surprise:0.00,0.00,0.00,0.00,

8, dbn_3lys_1250_500_500_500
anger:0.00,0.02,0.01,0.03,
contempt:0.00,0.00,0.00,0.00,
disgust:0.00,0.00,0.00,0.00,
fear:0.00,0.00,0.00,0.00,
happy:0.98,0.95,0.96,0.94,
sadness:0.02,0.03,0.03,0.04,
surprise:0.00,0.00,0.00,0.00,

0, dbn_3lys_1250_500_100_100
anger:0.02,0.02,0.01,0.03,
contempt:0.00,0.00,0.00,0.00,
disgust:0.00,0.00,0.00,0.00,
fear:0.00,0.00,0.00,0.00,
happy:0.97,0.96,0.97,0.96,
sadness:0.01,0.02,0.01,0.02,
surprise:0.00,0.00,0.00,0.00,

1, dbn_3lys_1250_500_100_250
anger:0.01,0.02,0.03,0.02,
contempt:0.00,0.00,0.00,0.00,
disgust:0.00,0.00,0.00,0.00,
fear:0.00,0.00,0.00,0.00,
happy:0.97,0.96,0.96,0.96,
sadness:0.02,0.02,0.01,0.02,
surprise:0.00,0.00,0.00,0.00,

2, dbn_3lys_1250_500_100_500
anger:0.01,0.02,0.01,0.02,
contempt:0.00,0.00,0.00,0.00,
disgust:0.00,0.00,0.00,0.00,
fear:0.00,0.00,0.00,0.00,
happy:0.97,0.97,0.98,0.96,
sadness:0.02,0.02,0.01,0.02,
surprise:0.00,0.00,0.00,0.00,

3, dbn_3lys_1250_500_250_100
anger:0.01,0.02,0.01,0.01,
contempt:0.00,0.00,0.00,0.00,
disgust:0.00,0.00,0.00,0.00,
fear:0.00,0.00,0.00,0.00,
happy:0.96,0.97,0.97,0.96,
sadness:0.03,0.02,0.01,0.03,
surprise:0.00,0.00,0.00,0.00,

4, dbn_3lys_1250_500_250_250
anger:0.02,0.02,0.01,0.01,
contempt:0.00,0.00,0.00,0.00,
disgust:0.00,0.00,0.00,0.00,
fear:0.00,0.00,0.00,0.00,
happy:0.96,0.96,0.95,0.95,
sadness:0.02,0.02,0.03,0.04,
surprise:0.00,0.00,0.00,0.00,

5, dbn_3lys_1250_500_250_500
anger:0.03,0.02,0.02,0.02,
contempt:0.00,0.00,0.00,0.00,
disgust:0.00,0.00,0.00,0.00,
fear:0.00,0.00,0.00,0.00,
happy:0.93,0.94,0.94,0.94,
sadness:0.04,0.04,0.04,0.04,
surprise:0.00,0.00,0.00,0.00,

6, dbn_3lys_1250_500_500_100
anger:0.01,0.02,0.01,0.02,
contempt:0.00,0.00,0.00,0.00,
disgust:0.00,0.00,0.00,0.00,
fear:0.00,0.00,0.00,0.00,
happy:0.97,0.95,0.97,0.94,
sadness:0.02,0.03,0.01,0.04,
surprise:0.00,0.00,0.00,0.00,

7, dbn_3lys_1250_500_500_250
anger:0.02,0.02,0.03,0.02,
contempt:0.00,0.00,0.00,0.00,
disgust:0.00,0.00,0.00,0.00,
fear:0.00,0.00,0.00,0.00,
happy:0.94,0.94,0.94,0.94,
sadness:0.04,0.04,0.03,0.04,
surprise:0.00,0.00,0.00,0.00,

8, dbn_3lys_1250_500_500_500
anger:0.04,0.04,0.03,0.04,
contempt:0.00,0.00,0.00,0.00,
disgust:0.00,0.00,0.00,0.00,
fear:0.00,0.00,0.00,0.00,
happy:0.93,0.92,0.93,0.92,
sadness:0.03,0.04,0.04,0.04,
surprise:0.00,0.00,0.00,0.00,

0, dbn_3lys_1250_500_100_100
anger:0.01,0.01,0.01,0.03,
contempt:0.00,0.00,0.00,0.00,
disgust:0.00,0.00,0.00,0.00,
fear:0.00,0.00,0.00,0.00,
happy:0.97,0.97,0.97,0.96,
sadness:0.02,0.01,0.01,0.01,
surprise:0.00,0.00,0.00,0.00,

1, dbn_3lys_1250_500_100_250
anger:0.01,0.02,0.01,0.01,
contempt:0.00,0.00,0.00,0.00,
disgust:0.00,0.00,0.00,0.00,
fear:0.00,0.00,0.00,0.00,
happy:0.98,0.97,0.97,0.96,
sadness:0.01,0.01,0.01,0.02,
surprise:0.00,0.00,0.00,0.00,

2, dbn_3lys_1250_500_100_500
anger:0.02,0.01,0.01,0.02,
contempt:0.00,0.00,0.00,0.00,
disgust:0.00,0.00,0.00,0.00,
fear:0.00,0.00,0.00,0.00,
happy:0.96,0.96,0.98,0.97,
sadness:0.01,0.03,0.01,0.01,
surprise:0.00,0.00,0.00,0.00,

3, dbn_3lys_1250_500_250_100
anger:0.00,0.02,0.02,0.02,
contempt:0.00,0.00,0.00,0.00,
disgust:0.00,0.00,0.00,0.00,
fear:0.00,0.00,0.00,0.00,
happy:0.99,0.96,0.96,0.95,
sadness:0.00,0.01,0.02,0.03,
surprise:0.00,0.00,0.00,0.00,

4, dbn_3lys_1250_500_250_250
anger:0.03,0.03,0.03,0.04,
contempt:0.00,0.00,0.00,0.00,
disgust:0.00,0.00,0.00,0.00,
fear:0.00,0.00,0.00,0.00,
happy:0.94,0.92,0.93,0.92,
sadness:0.03,0.05,0.04,0.04,
surprise:0.00,0.00,0.00,0.00,

5, dbn_3lys_1250_500_250_500
anger:0.04,0.04,0.04,0.05,
contempt:0.00,0.00,0.00,0.00,
disgust:0.00,0.00,0.00,0.00,
fear:0.00,0.00,0.00,0.00,
happy:0.93,0.91,0.92,0.89,
sadness:0.03,0.05,0.03,0.06,
surprise:0.00,0.00,0.00,0.00,

6, dbn_3lys_1250_500_500_100
anger:0.03,0.03,0.03,0.03,
contempt:0.00,0.00,0.00,0.00,
disgust:0.00,0.00,0.00,0.00,
fear:0.00,0.00,0.00,0.00,
happy:0.95,0.94,0.94,0.92,
sadness:0.02,0.03,0.03,0.05,
surprise:0.00,0.00,0.00,0.00,

7, dbn_3lys_1250_500_500_250
anger:0.05,0.04,0.05,0.04,
contempt:0.00,0.00,0.00,0.00,
disgust:0.00,0.00,0.00,0.00,
fear:0.00,0.00,0.00,0.00,
happy:0.91,0.92,0.91,0.92,
sadness:0.05,0.04,0.05,0.04,
surprise:0.00,0.00,0.00,0.00,

8, dbn_3lys_1250_500_500_500
anger:0.06,0.05,0.05,0.04,
contempt:0.00,0.00,0.00,0.00,
disgust:0.00,0.00,0.00,0.00,
fear:0.00,0.00,0.00,0.00,
happy:0.89,0.91,0.91,0.93,
sadness:0.05,0.04,0.04,0.03,
surprise:0.00,0.00,0.00,0.00,

0, dbn_3lys_1250_500_100_100
anger:0.01,0.01,0.02,0.01,
contempt:0.00,0.00,0.00,0.00,
disgust:0.00,0.00,0.00,0.00,
fear:0.00,0.00,0.00,0.00,
happy:0.99,0.97,0.97,0.96,
sadness:0.01,0.02,0.01,0.02,
surprise:0.00,0.00,0.00,0.00,

1, dbn_3lys_1250_500_100_250
anger:0.02,0.01,0.01,0.01,
contempt:0.00,0.00,0.00,0.00,
disgust:0.00,0.00,0.00,0.00,
fear:0.00,0.00,0.00,0.00,
happy:0.96,0.97,0.98,0.98,
sadness:0.02,0.02,0.01,0.01,
surprise:0.00,0.00,0.00,0.00,

2, dbn_3lys_1250_500_100_500
anger:0.02,0.02,0.02,0.03,
contempt:0.00,0.00,0.00,0.00,
disgust:0.00,0.00,0.00,0.00,
fear:0.00,0.00,0.00,0.00,
happy:0.97,0.96,0.97,0.94,
sadness:0.01,0.02,0.01,0.04,
surprise:0.00,0.00,0.00,0.00,

3, dbn_3lys_1250_500_250_100
anger:0.02,0.03,0.02,0.04,
contempt:0.00,0.00,0.00,0.00,
disgust:0.00,0.00,0.00,0.00,
fear:0.00,0.00,0.00,0.00,
happy:0.97,0.95,0.96,0.93,
sadness:0.02,0.03,0.02,0.03,
surprise:0.00,0.00,0.00,0.00,

4, dbn_3lys_1250_500_250_250
anger:0.04,0.04,0.05,0.04,
contempt:0.00,0.00,0.00,0.00,
disgust:0.00,0.00,0.00,0.00,
fear:0.00,0.00,0.00,0.00,
happy:0.93,0.90,0.93,0.93,
sadness:0.03,0.06,0.03,0.03,
surprise:0.00,0.00,0.00,0.00,

5, dbn_3lys_1250_500_250_500
anger:0.04,0.05,0.03,0.05,
contempt:0.00,0.00,0.00,0.00,
disgust:0.00,0.00,0.00,0.00,
fear:0.00,0.00,0.00,0.00,
happy:0.92,0.90,0.93,0.92,
sadness:0.03,0.05,0.04,0.03,
surprise:0.00,0.00,0.00,0.00,

6, dbn_3lys_1250_500_500_100
anger:0.05,0.03,0.02,0.03,
contempt:0.00,0.00,0.00,0.00,
disgust:0.00,0.00,0.00,0.00,
fear:0.00,0.00,0.00,0.00,
happy:0.93,0.93,0.94,0.93,
sadness:0.02,0.04,0.04,0.03,
surprise:0.00,0.00,0.00,0.00,

7, dbn_3lys_1250_500_500_250
anger:0.04,0.05,0.03,0.05,
contempt:0.00,0.00,0.00,0.00,
disgust:0.00,0.00,0.00,0.00,
fear:0.00,0.00,0.00,0.00,
happy:0.92,0.91,0.94,0.91,
sadness:0.04,0.04,0.03,0.04,
surprise:0.00,0.00,0.00,0.00,

8, dbn_3lys_1250_500_500_500
anger:0.05,0.07,0.08,0.05,
contempt:0.00,0.00,0.00,0.00,
disgust:0.00,0.00,0.00,0.00,
fear:0.00,0.00,0.00,0.00,
happy:0.90,0.88,0.87,0.91,
sadness:0.05,0.05,0.05,0.03,
surprise:0.00,0.00,0.00,0.00,

0, dbn_3lys_1250_500_100_100
anger:0.01,0.02,0.02,0.01,
contempt:0.00,0.00,0.00,0.00,
disgust:0.00,0.00,0.00,0.00,
fear:0.00,0.00,0.00,0.00,
happy:0.97,0.98,0.97,0.98,
sadness:0.02,0.01,0.01,0.01,
surprise:0.00,0.00,0.00,0.00,

1, dbn_3lys_1250_500_100_250
anger:0.01,0.02,0.03,0.02,
contempt:0.00,0.00,0.00,0.00,
disgust:0.00,0.00,0.00,0.00,
fear:0.00,0.00,0.00,0.00,
happy:0.96,0.97,0.95,0.95,
sadness:0.02,0.01,0.02,0.02,
surprise:0.00,0.00,0.00,0.00,

2, dbn_3lys_1250_500_100_500
anger:0.04,0.02,0.02,0.04,
contempt:0.00,0.00,0.00,0.00,
disgust:0.00,0.00,0.00,0.00,
fear:0.00,0.00,0.00,0.00,
happy:0.95,0.95,0.94,0.93,
sadness:0.02,0.02,0.03,0.03,
surprise:0.00,0.00,0.00,0.00,

3, dbn_3lys_1250_500_250_100
anger:0.02,0.03,0.04,0.04,
contempt:0.00,0.00,0.00,0.00,
disgust:0.00,0.00,0.00,0.00,
fear:0.00,0.00,0.00,0.00,
happy:0.96,0.92,0.92,0.92,
sadness:0.02,0.05,0.04,0.04,
surprise:0.00,0.00,0.00,0.00,

4, dbn_3lys_1250_500_250_250
anger:0.04,0.05,0.06,0.06,
contempt:0.00,0.00,0.00,0.00,
disgust:0.00,0.00,0.00,0.00,
fear:0.00,0.00,0.00,0.00,
happy:0.91,0.89,0.90,0.91,
sadness:0.05,0.05,0.05,0.03,
surprise:0.00,0.00,0.00,0.00,

5, dbn_3lys_1250_500_250_500
anger:0.05,0.05,0.07,0.08,
contempt:0.00,0.00,0.00,0.00,
disgust:0.00,0.00,0.00,0.00,
fear:0.00,0.00,0.00,0.00,
happy:0.90,0.90,0.89,0.89,
sadness:0.05,0.05,0.04,0.04,
surprise:0.00,0.00,0.00,0.00,

6, dbn_3lys_1250_500_500_100
anger:0.04,0.03,0.03,0.04,
contempt:0.00,0.00,0.00,0.00,
disgust:0.00,0.00,0.00,0.00,
fear:0.00,0.00,0.00,0.00,
happy:0.93,0.93,0.93,0.93,
sadness:0.03,0.04,0.04,0.03,
surprise:0.00,0.00,0.00,0.00,

7, dbn_3lys_1250_500_500_250
anger:0.06,0.05,0.06,0.07,
contempt:0.00,0.00,0.00,0.00,
disgust:0.00,0.00,0.00,0.00,
fear:0.00,0.00,0.00,0.00,
happy:0.90,0.88,0.88,0.90,
sadness:0.04,0.07,0.05,0.03,
surprise:0.00,0.00,0.00,0.00,

8, dbn_3lys_1250_500_500_500
anger:0.06,0.05,0.07,0.07,
contempt:0.00,0.00,0.00,0.00,
disgust:0.00,0.00,0.00,0.00,
fear:0.00,0.00,0.00,0.00,
happy:0.89,0.90,0.87,0.88,
sadness:0.05,0.05,0.06,0.05,
surprise:0.00,0.00,0.00,0.00,

0, dbn_3lys_1250_500_100_100
anger:0.01,0.02,0.01,0.02,
contempt:0.00,0.00,0.00,0.00,
disgust:0.00,0.00,0.00,0.00,
fear:0.00,0.00,0.00,0.00,
happy:0.98,0.97,0.98,0.96,
sadness:0.01,0.01,0.01,0.02,
surprise:0.00,0.00,0.00,0.00,

1, dbn_3lys_1250_500_100_250
anger:0.02,0.03,0.02,0.02,
contempt:0.00,0.00,0.00,0.00,
disgust:0.00,0.00,0.00,0.00,
fear:0.00,0.00,0.00,0.00,
happy:0.96,0.95,0.97,0.94,
sadness:0.02,0.02,0.01,0.04,
surprise:0.00,0.00,0.00,0.00,

2, dbn_3lys_1250_500_100_500
anger:0.01,0.03,0.02,0.02,
contempt:0.00,0.00,0.00,0.00,
disgust:0.00,0.00,0.00,0.00,
fear:0.00,0.00,0.00,0.00,
happy:0.97,0.94,0.96,0.92,
sadness:0.02,0.03,0.02,0.06,
surprise:0.00,0.00,0.00,0.00,

3, dbn_3lys_1250_500_250_100
anger:0.04,0.04,0.05,0.06,
contempt:0.00,0.00,0.00,0.00,
disgust:0.00,0.00,0.00,0.00,
fear:0.00,0.00,0.00,0.00,
happy:0.94,0.92,0.92,0.89,
sadness:0.02,0.04,0.04,0.05,
surprise:0.00,0.00,0.00,0.00,

4, dbn_3lys_1250_500_250_250
anger:0.05,0.04,0.04,0.06,
contempt:0.00,0.00,0.00,0.00,
disgust:0.00,0.00,0.00,0.00,
fear:0.00,0.00,0.00,0.00,
happy:0.91,0.89,0.92,0.91,
sadness:0.04,0.06,0.03,0.04,
surprise:0.00,0.00,0.00,0.00,

5, dbn_3lys_1250_500_250_500
anger:0.06,0.08,0.06,0.06,
contempt:0.00,0.00,0.00,0.00,
disgust:0.00,0.00,0.00,0.00,
fear:0.00,0.00,0.00,0.00,
happy:0.90,0.86,0.89,0.89,
sadness:0.04,0.07,0.05,0.05,
surprise:0.00,0.00,0.00,0.00,

6, dbn_3lys_1250_500_500_100
anger:0.03,0.04,0.04,0.05,
contempt:0.00,0.00,0.00,0.00,
disgust:0.00,0.00,0.00,0.00,
fear:0.00,0.00,0.00,0.00,
happy:0.94,0.92,0.93,0.92,
sadness:0.03,0.04,0.03,0.04,
surprise:0.00,0.00,0.00,0.00,

7, dbn_3lys_1250_500_500_250
anger:0.06,0.07,0.07,0.06,
contempt:0.00,0.00,0.00,0.00,
disgust:0.00,0.00,0.00,0.00,
fear:0.00,0.00,0.00,0.00,
happy:0.89,0.87,0.87,0.90,
sadness:0.05,0.06,0.06,0.04,
surprise:0.00,0.00,0.00,0.00,

8, dbn_3lys_1250_500_500_500
anger:0.05,0.08,0.11,0.07,
contempt:0.00,0.00,0.00,0.00,
disgust:0.00,0.00,0.00,0.00,
fear:0.00,0.00,0.00,0.00,
happy:0.89,0.86,0.83,0.87,
sadness:0.06,0.06,0.05,0.07,
surprise:0.00,0.00,0.00,0.00,

0, dbn_3lys_1250_500_100_100
anger:0.01,0.01,0.02,0.01,
contempt:0.00,0.00,0.00,0.00,
disgust:0.00,0.00,0.00,0.00,
fear:0.00,0.00,0.00,0.00,
happy:0.97,0.96,0.97,0.97,
sadness:0.02,0.03,0.01,0.02,
surprise:0.00,0.00,0.00,0.00,

1, dbn_3lys_1250_500_100_250
anger:0.03,0.03,0.02,0.03,
contempt:0.00,0.00,0.00,0.00,
disgust:0.00,0.00,0.00,0.00,
fear:0.00,0.00,0.00,0.00,
happy:0.94,0.94,0.97,0.95,
sadness:0.03,0.03,0.01,0.03,
surprise:0.00,0.00,0.00,0.00,

2, dbn_3lys_1250_500_100_500
anger:0.03,0.02,0.02,0.02,
contempt:0.00,0.00,0.00,0.00,
disgust:0.00,0.00,0.00,0.00,
fear:0.00,0.00,0.00,0.00,
happy:0.94,0.95,0.95,0.96,
sadness:0.03,0.03,0.03,0.02,
surprise:0.00,0.00,0.00,0.00,

3, dbn_3lys_1250_500_250_100
anger:0.05,0.04,0.05,0.06,
contempt:0.00,0.00,0.00,0.00,
disgust:0.00,0.00,0.00,0.00,
fear:0.00,0.00,0.00,0.00,
happy:0.91,0.93,0.91,0.91,
sadness:0.04,0.03,0.04,0.03,
surprise:0.00,0.00,0.00,0.00,

4, dbn_3lys_1250_500_250_250
anger:0.08,0.07,0.07,0.05,
contempt:0.00,0.00,0.00,0.00,
disgust:0.00,0.00,0.00,0.00,
fear:0.00,0.00,0.00,0.00,
happy:0.89,0.89,0.89,0.91,
sadness:0.03,0.03,0.04,0.04,
surprise:0.00,0.00,0.00,0.00,

5, dbn_3lys_1250_500_250_500
anger:0.08,0.08,0.08,0.07,
contempt:0.00,0.00,0.00,0.00,
disgust:0.00,0.00,0.00,0.00,
fear:0.00,0.00,0.00,0.00,
happy:0.86,0.87,0.87,0.88,
sadness:0.06,0.05,0.05,0.04,
surprise:0.00,0.00,0.00,0.00,

6, dbn_3lys_1250_500_500_100
anger:0.03,0.03,0.04,0.04,
contempt:0.00,0.00,0.00,0.00,
disgust:0.00,0.00,0.00,0.00,
fear:0.00,0.00,0.00,0.00,
happy:0.93,0.92,0.92,0.92,
sadness:0.04,0.05,0.04,0.03,
surprise:0.00,0.00,0.00,0.00,

7, dbn_3lys_1250_500_500_250
anger:0.07,0.08,0.08,0.11,
contempt:0.00,0.00,0.00,0.00,
disgust:0.00,0.00,0.00,0.00,
fear:0.00,0.00,0.00,0.00,
happy:0.87,0.84,0.87,0.83,
sadness:0.06,0.08,0.05,0.07,
surprise:0.00,0.00,0.00,0.00,

8, dbn_3lys_1250_500_500_500
anger:0.08,0.08,0.08,0.09,
contempt:0.00,0.00,0.00,0.00,
disgust:0.00,0.00,0.00,0.00,
fear:0.00,0.00,0.00,0.00,
happy:0.84,0.83,0.83,0.82,
sadness:0.08,0.09,0.09,0.09,
surprise:0.00,0.00,0.00,0.00,

0, dbn_3lys_1250_500_100_100
anger:0.01,0.01,0.01,0.01,
contempt:0.00,0.00,0.00,0.00,
disgust:0.00,0.00,0.00,0.00,
fear:0.00,0.00,0.00,0.00,
happy:0.98,0.97,0.97,0.96,
sadness:0.01,0.03,0.02,0.03,
surprise:0.00,0.00,0.00,0.00,

1, dbn_3lys_1250_500_100_250
anger:0.03,0.03,0.03,0.03,
contempt:0.00,0.00,0.00,0.00,
disgust:0.00,0.00,0.00,0.00,
fear:0.00,0.00,0.00,0.00,
happy:0.93,0.94,0.95,0.94,
sadness:0.04,0.03,0.02,0.03,
surprise:0.00,0.00,0.00,0.00,

2, dbn_3lys_1250_500_100_500
anger:0.04,0.04,0.02,0.04,
contempt:0.00,0.00,0.00,0.00,
disgust:0.00,0.00,0.00,0.00,
fear:0.00,0.00,0.00,0.00,
happy:0.94,0.92,0.95,0.93,
sadness:0.02,0.04,0.02,0.03,
surprise:0.00,0.00,0.00,0.00,

3, dbn_3lys_1250_500_250_100
anger:0.06,0.05,0.03,0.04,
contempt:0.00,0.00,0.00,0.00,
disgust:0.00,0.00,0.00,0.00,
fear:0.00,0.00,0.00,0.00,
happy:0.92,0.92,0.95,0.93,
sadness:0.03,0.04,0.02,0.04,
surprise:0.00,0.00,0.00,0.00,

4, dbn_3lys_1250_500_250_250
anger:0.06,0.10,0.08,0.08,
contempt:0.00,0.00,0.00,0.00,
disgust:0.00,0.00,0.00,0.00,
fear:0.00,0.00,0.00,0.00,
happy:0.90,0.85,0.87,0.88,
sadness:0.04,0.05,0.05,0.04,
surprise:0.00,0.00,0.00,0.00,

5, dbn_3lys_1250_500_250_500
anger:0.12,0.09,0.05,0.07,
contempt:0.00,0.00,0.00,0.00,
disgust:0.00,0.00,0.00,0.00,
fear:0.00,0.00,0.00,0.00,
happy:0.84,0.86,0.89,0.88,
sadness:0.05,0.06,0.06,0.05,
surprise:0.00,0.00,0.00,0.00,

6, dbn_3lys_1250_500_500_100
anger:0.03,0.04,0.07,0.06,
contempt:0.00,0.00,0.00,0.00,
disgust:0.00,0.00,0.00,0.00,
fear:0.00,0.00,0.00,0.00,
happy:0.93,0.91,0.89,0.90,
sadness:0.04,0.05,0.04,0.04,
surprise:0.00,0.00,0.00,0.00,

7, dbn_3lys_1250_500_500_250
anger:0.09,0.08,0.07,0.08,
contempt:0.00,0.00,0.00,0.00,
disgust:0.00,0.00,0.00,0.00,
fear:0.00,0.00,0.00,0.00,
happy:0.84,0.86,0.86,0.86,
sadness:0.07,0.06,0.07,0.06,
surprise:0.00,0.00,0.00,0.00,

8, dbn_3lys_1250_500_500_500
anger:0.12,0.11,0.08,0.12,
contempt:0.00,0.00,0.00,0.00,
disgust:0.00,0.00,0.00,0.00,
fear:0.00,0.00,0.00,0.00,
happy:0.80,0.81,0.82,0.80,
sadness:0.08,0.08,0.10,0.08,
surprise:0.00,0.00,0.00,0.00,

0, dbn_3lys_1250_500_100_100
anger:0.02,0.02,0.03,0.02,
contempt:0.00,0.00,0.00,0.00,
disgust:0.00,0.00,0.00,0.00,
fear:0.00,0.00,0.00,0.00,
happy:0.96,0.96,0.95,0.97,
sadness:0.03,0.02,0.02,0.02,
surprise:0.00,0.00,0.00,0.00,

1, dbn_3lys_1250_500_100_250
anger:0.03,0.04,0.02,0.03,
contempt:0.00,0.00,0.00,0.00,
disgust:0.00,0.00,0.00,0.00,
fear:0.00,0.00,0.00,0.00,
happy:0.94,0.93,0.95,0.94,
sadness:0.03,0.04,0.03,0.02,
surprise:0.00,0.00,0.00,0.00,

2, dbn_3lys_1250_500_100_500
anger:0.04,0.04,0.04,0.04,
contempt:0.00,0.00,0.00,0.00,
disgust:0.00,0.00,0.00,0.00,
fear:0.00,0.00,0.00,0.00,
happy:0.94,0.93,0.93,0.93,
sadness:0.03,0.03,0.03,0.03,
surprise:0.00,0.00,0.00,0.00,

3, dbn_3lys_1250_500_250_100
anger:0.03,0.04,0.04,0.05,
contempt:0.00,0.00,0.00,0.00,
disgust:0.00,0.00,0.00,0.00,
fear:0.00,0.00,0.00,0.00,
happy:0.93,0.92,0.92,0.91,
sadness:0.04,0.05,0.03,0.04,
surprise:0.00,0.00,0.00,0.00,

4, dbn_3lys_1250_500_250_250
anger:0.08,0.06,0.07,0.08,
contempt:0.00,0.00,0.00,0.00,
disgust:0.00,0.00,0.00,0.00,
fear:0.00,0.00,0.00,0.00,
happy:0.87,0.87,0.87,0.86,
sadness:0.05,0.07,0.06,0.06,
surprise:0.00,0.00,0.00,0.00,

5, dbn_3lys_1250_500_250_500
anger:0.07,0.08,0.08,0.09,
contempt:0.00,0.00,0.00,0.00,
disgust:0.00,0.00,0.00,0.00,
fear:0.00,0.00,0.00,0.00,
happy:0.86,0.83,0.85,0.85,
sadness:0.07,0.08,0.07,0.05,
surprise:0.00,0.00,0.00,0.00,

6, dbn_3lys_1250_500_500_100
anger:0.04,0.05,0.05,0.04,
contempt:0.00,0.00,0.00,0.00,
disgust:0.00,0.00,0.00,0.00,
fear:0.00,0.00,0.00,0.00,
happy:0.91,0.91,0.90,0.92,
sadness:0.05,0.04,0.04,0.04,
surprise:0.00,0.00,0.00,0.00,

7, dbn_3lys_1250_500_500_250
anger:0.08,0.09,0.08,0.10,
contempt:0.00,0.00,0.00,0.00,
disgust:0.00,0.00,0.00,0.00,
fear:0.00,0.00,0.00,0.00,
happy:0.85,0.86,0.82,0.83,
sadness:0.07,0.05,0.09,0.07,
surprise:0.00,0.00,0.00,0.00,

8, dbn_3lys_1250_500_500_500
anger:0.09,0.11,0.11,0.12,
contempt:0.00,0.00,0.00,0.00,
disgust:0.00,0.00,0.00,0.00,
fear:0.00,0.00,0.00,0.00,
happy:0.82,0.82,0.79,0.80,
sadness:0.09,0.07,0.10,0.08,
surprise:0.00,0.00,0.00,0.00,

0, dbn_3lys_1250_500_100_100
anger:0.01,0.02,0.02,0.01,
contempt:0.00,0.00,0.00,0.00,
disgust:0.00,0.00,0.00,0.00,
fear:0.00,0.00,0.00,0.00,
happy:0.97,0.95,0.96,0.98,
sadness:0.02,0.03,0.02,0.01,
surprise:0.00,0.00,0.00,0.00,

1, dbn_3lys_1250_500_100_250
anger:0.03,0.04,0.02,0.02,
contempt:0.00,0.00,0.00,0.00,
disgust:0.00,0.00,0.00,0.00,
fear:0.00,0.00,0.00,0.00,
happy:0.95,0.93,0.96,0.96,
sadness:0.01,0.03,0.02,0.02,
surprise:0.00,0.00,0.00,0.00,

2, dbn_3lys_1250_500_100_500
anger:0.02,0.03,0.03,0.02,
contempt:0.00,0.00,0.00,0.00,
disgust:0.00,0.00,0.00,0.00,
fear:0.00,0.00,0.00,0.00,
happy:0.96,0.94,0.94,0.96,
sadness:0.02,0.03,0.03,0.02,
surprise:0.00,0.00,0.00,0.00,

3, dbn_3lys_1250_500_250_100
anger:0.06,0.05,0.06,0.04,
contempt:0.00,0.00,0.00,0.00,
disgust:0.00,0.00,0.00,0.00,
fear:0.00,0.00,0.00,0.00,
happy:0.89,0.89,0.91,0.91,
sadness:0.05,0.06,0.04,0.05,
surprise:0.00,0.00,0.00,0.00,

4, dbn_3lys_1250_500_250_250
anger:0.09,0.09,0.08,0.07,
contempt:0.00,0.00,0.00,0.00,
disgust:0.00,0.00,0.00,0.00,
fear:0.00,0.00,0.00,0.00,
happy:0.85,0.83,0.84,0.88,
sadness:0.06,0.08,0.09,0.05,
surprise:0.00,0.00,0.00,0.00,

5, dbn_3lys_1250_500_250_500
anger:0.08,0.10,0.11,0.09,
contempt:0.00,0.00,0.00,0.00,
disgust:0.00,0.00,0.00,0.00,
fear:0.00,0.00,0.00,0.00,
happy:0.85,0.83,0.83,0.84,
sadness:0.06,0.06,0.06,0.07,
surprise:0.00,0.00,0.00,0.00,

6, dbn_3lys_1250_500_500_100
anger:0.07,0.07,0.05,0.06,
contempt:0.00,0.00,0.00,0.00,
disgust:0.00,0.00,0.00,0.00,
fear:0.00,0.00,0.00,0.00,
happy:0.89,0.88,0.88,0.90,
sadness:0.04,0.05,0.07,0.04,
surprise:0.00,0.00,0.00,0.00,

7, dbn_3lys_1250_500_500_250
anger:0.10,0.12,0.12,0.10,
contempt:0.00,0.00,0.00,0.00,
disgust:0.00,0.00,0.00,0.00,
fear:0.00,0.00,0.00,0.00,
happy:0.83,0.81,0.78,0.82,
sadness:0.07,0.07,0.10,0.08,
surprise:0.00,0.00,0.00,0.00,

8, dbn_3lys_1250_500_500_500
anger:0.14,0.11,0.11,0.12,
contempt:0.00,0.00,0.00,0.00,
disgust:0.00,0.00,0.00,0.00,
fear:0.00,0.00,0.00,0.00,
happy:0.78,0.79,0.76,0.79,
sadness:0.08,0.10,0.13,0.09,
surprise:0.00,0.00,0.00,0.00,


