ExperimentDBN225
0, dbn_3lys_1250_500_100_100
anger:0.03,0.03,0.03,0.03,
contempt:0.00,0.00,0.00,0.00,
disgust:0.00,0.00,0.00,0.00,
fear:0.00,0.00,0.00,0.00,
happy:0.95,0.96,0.95,0.96,
sadness:0.02,0.02,0.02,0.01,
surprise:0.00,0.00,0.00,0.00,

1, dbn_3lys_1250_500_100_250
anger:0.02,0.03,0.03,0.03,
contempt:0.00,0.00,0.00,0.00,
disgust:0.00,0.00,0.00,0.00,
fear:0.00,0.00,0.00,0.00,
happy:0.97,0.95,0.94,0.94,
sadness:0.01,0.02,0.03,0.03,
surprise:0.00,0.00,0.00,0.00,

2, dbn_3lys_1250_500_100_500
anger:0.03,0.02,0.02,0.04,
contempt:0.00,0.00,0.00,0.00,
disgust:0.00,0.00,0.00,0.00,
fear:0.00,0.00,0.00,0.00,
happy:0.94,0.95,0.96,0.94,
sadness:0.02,0.03,0.02,0.02,
surprise:0.00,0.00,0.00,0.00,

3, dbn_3lys_1250_500_250_100
anger:0.04,0.05,0.06,0.04,
contempt:0.00,0.00,0.00,0.00,
disgust:0.00,0.00,0.00,0.00,
fear:0.00,0.00,0.00,0.00,
happy:0.93,0.91,0.90,0.91,
sadness:0.02,0.05,0.04,0.05,
surprise:0.00,0.00,0.00,0.00,

4, dbn_3lys_1250_500_250_250
anger:0.05,0.05,0.05,0.06,
contempt:0.00,0.00,0.00,0.00,
disgust:0.00,0.00,0.00,0.00,
fear:0.00,0.00,0.00,0.00,
happy:0.91,0.91,0.90,0.88,
sadness:0.04,0.04,0.05,0.06,
surprise:0.00,0.00,0.00,0.00,

5, dbn_3lys_1250_500_250_500
anger:0.05,0.05,0.06,0.06,
contempt:0.00,0.00,0.00,0.00,
disgust:0.00,0.00,0.00,0.00,
fear:0.00,0.00,0.00,0.00,
happy:0.91,0.92,0.91,0.87,
sadness:0.04,0.04,0.04,0.07,
surprise:0.00,0.00,0.00,0.00,

6, dbn_3lys_1250_500_500_100
anger:0.06,0.07,0.06,0.04,
contempt:0.00,0.00,0.00,0.00,
disgust:0.00,0.00,0.00,0.00,
fear:0.00,0.00,0.00,0.00,
happy:0.91,0.89,0.90,0.90,
sadness:0.04,0.05,0.04,0.06,
surprise:0.00,0.00,0.00,0.00,

7, dbn_3lys_1250_500_500_250
anger:0.06,0.05,0.05,0.06,
contempt:0.00,0.00,0.00,0.00,
disgust:0.00,0.00,0.00,0.00,
fear:0.00,0.00,0.00,0.00,
happy:0.88,0.89,0.89,0.87,
sadness:0.06,0.06,0.06,0.07,
surprise:0.00,0.00,0.00,0.00,

8, dbn_3lys_1250_500_500_500
anger:0.06,0.06,0.04,0.08,
contempt:0.00,0.00,0.00,0.00,
disgust:0.00,0.00,0.00,0.00,
fear:0.00,0.00,0.00,0.00,
happy:0.88,0.87,0.90,0.87,
sadness:0.05,0.06,0.06,0.06,
surprise:0.00,0.00,0.00,0.00,

0, dbn_3lys_1250_500_100_100
anger:0.03,0.03,0.03,0.05,
contempt:0.00,0.00,0.00,0.00,
disgust:0.00,0.00,0.00,0.00,
fear:0.00,0.00,0.00,0.00,
happy:0.92,0.94,0.95,0.92,
sadness:0.05,0.03,0.02,0.04,
surprise:0.00,0.00,0.00,0.00,

1, dbn_3lys_1250_500_100_250
anger:0.03,0.04,0.04,0.03,
contempt:0.00,0.00,0.00,0.00,
disgust:0.00,0.00,0.00,0.00,
fear:0.00,0.00,0.00,0.00,
happy:0.94,0.92,0.93,0.94,
sadness:0.03,0.04,0.03,0.03,
surprise:0.00,0.00,0.00,0.00,

2, dbn_3lys_1250_500_100_500
anger:0.03,0.03,0.04,0.04,
contempt:0.00,0.00,0.00,0.00,
disgust:0.00,0.00,0.00,0.00,
fear:0.00,0.00,0.00,0.00,
happy:0.93,0.94,0.92,0.92,
sadness:0.04,0.02,0.03,0.04,
surprise:0.00,0.00,0.00,0.00,

3, dbn_3lys_1250_500_250_100
anger:0.03,0.07,0.04,0.06,
contempt:0.00,0.00,0.00,0.00,
disgust:0.00,0.00,0.00,0.00,
fear:0.00,0.00,0.00,0.00,
happy:0.91,0.90,0.92,0.90,
sadness:0.06,0.03,0.05,0.05,
surprise:0.00,0.00,0.00,0.00,

4, dbn_3lys_1250_500_250_250
anger:0.04,0.07,0.07,0.08,
contempt:0.00,0.00,0.00,0.00,
disgust:0.00,0.00,0.00,0.00,
fear:0.00,0.00,0.00,0.00,
happy:0.91,0.87,0.88,0.86,
sadness:0.05,0.06,0.05,0.07,
surprise:0.00,0.00,0.00,0.00,

5, dbn_3lys_1250_500_250_500
anger:0.04,0.06,0.04,0.07,
contempt:0.00,0.00,0.00,0.00,
disgust:0.00,0.00,0.00,0.00,
fear:0.00,0.00,0.00,0.00,
happy:0.91,0.92,0.88,0.88,
sadness:0.05,0.03,0.08,0.05,
surprise:0.00,0.00,0.00,0.00,

6, dbn_3lys_1250_500_500_100
anger:0.04,0.05,0.06,0.06,
contempt:0.00,0.00,0.00,0.00,
disgust:0.00,0.00,0.00,0.00,
fear:0.00,0.00,0.00,0.00,
happy:0.90,0.90,0.89,0.87,
sadness:0.06,0.05,0.05,0.07,
surprise:0.00,0.00,0.00,0.00,

7, dbn_3lys_1250_500_500_250
anger:0.12,0.07,0.06,0.08,
contempt:0.00,0.00,0.00,0.00,
disgust:0.00,0.00,0.00,0.00,
fear:0.00,0.00,0.00,0.00,
happy:0.83,0.86,0.86,0.84,
sadness:0.05,0.07,0.08,0.08,
surprise:0.00,0.00,0.00,0.00,

8, dbn_3lys_1250_500_500_500
anger:0.09,0.07,0.07,0.08,
contempt:0.00,0.00,0.00,0.00,
disgust:0.00,0.00,0.00,0.00,
fear:0.00,0.00,0.00,0.00,
happy:0.84,0.87,0.83,0.86,
sadness:0.07,0.06,0.09,0.06,
surprise:0.00,0.00,0.00,0.00,

0, dbn_3lys_1250_500_100_100
anger:0.02,0.04,0.03,0.04,
contempt:0.00,0.00,0.00,0.00,
disgust:0.00,0.00,0.00,0.00,
fear:0.00,0.00,0.00,0.00,
happy:0.95,0.93,0.94,0.92,
sadness:0.03,0.03,0.03,0.04,
surprise:0.00,0.00,0.00,0.00,

1, dbn_3lys_1250_500_100_250
anger:0.03,0.05,0.03,0.04,
contempt:0.00,0.00,0.00,0.00,
disgust:0.00,0.00,0.00,0.00,
fear:0.00,0.00,0.00,0.00,
happy:0.92,0.91,0.93,0.91,
sadness:0.05,0.05,0.04,0.05,
surprise:0.00,0.00,0.00,0.00,

2, dbn_3lys_1250_500_100_500
anger:0.05,0.04,0.04,0.04,
contempt:0.00,0.00,0.00,0.00,
disgust:0.00,0.00,0.00,0.00,
fear:0.00,0.00,0.00,0.00,
happy:0.89,0.90,0.90,0.90,
sadness:0.06,0.06,0.06,0.07,
surprise:0.00,0.00,0.00,0.00,

3, dbn_3lys_1250_500_250_100
anger:0.06,0.07,0.08,0.07,
contempt:0.00,0.00,0.00,0.00,
disgust:0.00,0.00,0.00,0.00,
fear:0.00,0.00,0.00,0.00,
happy:0.88,0.85,0.86,0.85,
sadness:0.06,0.07,0.06,0.08,
surprise:0.00,0.00,0.00,0.00,

4, dbn_3lys_1250_500_250_250
anger:0.05,0.12,0.09,0.09,
contempt:0.00,0.00,0.00,0.00,
disgust:0.00,0.00,0.00,0.00,
fear:0.00,0.00,0.00,0.00,
happy:0.88,0.81,0.83,0.82,
sadness:0.07,0.07,0.08,0.08,
surprise:0.00,0.00,0.00,0.00,

5, dbn_3lys_1250_500_250_500
anger:0.08,0.10,0.07,0.09,
contempt:0.00,0.00,0.00,0.00,
disgust:0.00,0.00,0.00,0.00,
fear:0.00,0.00,0.00,0.00,
happy:0.85,0.82,0.84,0.81,
sadness:0.07,0.08,0.09,0.10,
surprise:0.00,0.00,0.00,0.00,

6, dbn_3lys_1250_500_500_100
anger:0.06,0.07,0.07,0.08,
contempt:0.00,0.00,0.00,0.00,
disgust:0.00,0.00,0.00,0.00,
fear:0.00,0.00,0.00,0.00,
happy:0.87,0.86,0.86,0.83,
sadness:0.07,0.08,0.07,0.09,
surprise:0.00,0.00,0.00,0.00,

7, dbn_3lys_1250_500_500_250
anger:0.10,0.13,0.09,0.12,
contempt:0.00,0.00,0.00,0.00,
disgust:0.00,0.00,0.00,0.00,
fear:0.00,0.00,0.00,0.00,
happy:0.80,0.79,0.78,0.78,
sadness:0.10,0.08,0.13,0.10,
surprise:0.00,0.00,0.00,0.00,

8, dbn_3lys_1250_500_500_500
anger:0.13,0.12,0.14,0.15,
contempt:0.00,0.00,0.00,0.00,
disgust:0.00,0.00,0.00,0.00,
fear:0.00,0.00,0.00,0.00,
happy:0.79,0.78,0.76,0.77,
sadness:0.08,0.10,0.10,0.08,
surprise:0.00,0.00,0.00,0.00,

0, dbn_3lys_1250_500_100_100
anger:0.05,0.05,0.04,0.04,
contempt:0.00,0.00,0.00,0.00,
disgust:0.00,0.00,0.00,0.00,
fear:0.00,0.00,0.00,0.00,
happy:0.92,0.89,0.91,0.92,
sadness:0.03,0.06,0.05,0.04,
surprise:0.00,0.00,0.00,0.00,

1, dbn_3lys_1250_500_100_250
anger:0.05,0.06,0.06,0.06,
contempt:0.00,0.00,0.00,0.00,
disgust:0.00,0.00,0.00,0.00,
fear:0.00,0.00,0.00,0.00,
happy:0.90,0.88,0.89,0.89,
sadness:0.05,0.06,0.05,0.05,
surprise:0.00,0.00,0.00,0.00,

2, dbn_3lys_1250_500_100_500
anger:0.07,0.05,0.07,0.05,
contempt:0.00,0.00,0.00,0.00,
disgust:0.00,0.00,0.00,0.00,
fear:0.00,0.00,0.00,0.00,
happy:0.88,0.87,0.89,0.88,
sadness:0.05,0.08,0.05,0.07,
surprise:0.00,0.00,0.00,0.00,

3, dbn_3lys_1250_500_250_100
anger:0.06,0.08,0.08,0.12,
contempt:0.00,0.00,0.00,0.00,
disgust:0.00,0.00,0.00,0.00,
fear:0.00,0.00,0.00,0.00,
happy:0.86,0.82,0.79,0.79,
sadness:0.08,0.11,0.13,0.09,
surprise:0.00,0.00,0.00,0.00,

4, dbn_3lys_1250_500_250_250
anger:0.08,0.11,0.10,0.12,
contempt:0.00,0.00,0.00,0.00,
disgust:0.00,0.00,0.00,0.00,
fear:0.00,0.00,0.00,0.00,
happy:0.79,0.78,0.77,0.78,
sadness:0.13,0.11,0.13,0.10,
surprise:0.00,0.00,0.00,0.00,

5, dbn_3lys_1250_500_250_500
anger:0.10,0.11,0.12,0.08,
contempt:0.00,0.00,0.00,0.00,
disgust:0.00,0.00,0.00,0.00,
fear:0.00,0.00,0.00,0.00,
happy:0.80,0.75,0.74,0.83,
sadness:0.10,0.14,0.14,0.09,
surprise:0.00,0.00,0.00,0.00,

6, dbn_3lys_1250_500_500_100
anger:0.10,0.12,0.07,0.11,
contempt:0.00,0.00,0.00,0.00,
disgust:0.00,0.00,0.00,0.00,
fear:0.00,0.00,0.00,0.00,
happy:0.80,0.79,0.84,0.79,
sadness:0.10,0.09,0.08,0.09,
surprise:0.00,0.00,0.00,0.00,

7, dbn_3lys_1250_500_500_250
anger:0.11,0.13,0.14,0.14,
contempt:0.00,0.00,0.00,0.00,
disgust:0.00,0.00,0.00,0.00,
fear:0.00,0.00,0.00,0.00,
happy:0.78,0.75,0.74,0.75,
sadness:0.11,0.13,0.12,0.12,
surprise:0.00,0.00,0.00,0.00,

8, dbn_3lys_1250_500_500_500
anger:0.11,0.14,0.15,0.12,
contempt:0.00,0.00,0.00,0.00,
disgust:0.00,0.00,0.00,0.00,
fear:0.00,0.00,0.00,0.00,
happy:0.77,0.71,0.74,0.75,
sadness:0.12,0.15,0.10,0.12,
surprise:0.00,0.00,0.00,0.00,

0, dbn_3lys_1250_500_100_100
anger:0.05,0.05,0.05,0.06,
contempt:0.00,0.00,0.00,0.00,
disgust:0.00,0.00,0.00,0.00,
fear:0.00,0.00,0.00,0.00,
happy:0.91,0.89,0.90,0.89,
sadness:0.04,0.06,0.05,0.06,
surprise:0.00,0.00,0.00,0.00,

1, dbn_3lys_1250_500_100_250
anger:0.06,0.06,0.06,0.06,
contempt:0.00,0.00,0.00,0.00,
disgust:0.00,0.00,0.00,0.00,
fear:0.00,0.00,0.00,0.00,
happy:0.88,0.87,0.86,0.85,
sadness:0.06,0.07,0.08,0.10,
surprise:0.00,0.00,0.00,0.00,

2, dbn_3lys_1250_500_100_500
anger:0.07,0.07,0.07,0.07,
contempt:0.00,0.00,0.00,0.00,
disgust:0.00,0.00,0.00,0.00,
fear:0.00,0.00,0.00,0.00,
happy:0.84,0.85,0.86,0.84,
sadness:0.09,0.08,0.06,0.09,
surprise:0.00,0.00,0.00,0.00,

3, dbn_3lys_1250_500_250_100
anger:0.13,0.09,0.07,0.11,
contempt:0.00,0.00,0.00,0.00,
disgust:0.00,0.00,0.00,0.00,
fear:0.00,0.00,0.00,0.00,
happy:0.79,0.80,0.83,0.77,
sadness:0.08,0.11,0.10,0.12,
surprise:0.00,0.00,0.00,0.00,

4, dbn_3lys_1250_500_250_250
anger:0.15,0.11,0.13,0.13,
contempt:0.00,0.00,0.00,0.00,
disgust:0.00,0.00,0.00,0.00,
fear:0.00,0.00,0.00,0.00,
happy:0.71,0.73,0.72,0.74,
sadness:0.15,0.16,0.15,0.13,
surprise:0.00,0.00,0.00,0.00,

5, dbn_3lys_1250_500_250_500
anger:0.16,0.14,0.14,0.12,
contempt:0.00,0.00,0.00,0.00,
disgust:0.00,0.00,0.00,0.00,
fear:0.00,0.00,0.00,0.00,
happy:0.70,0.74,0.73,0.72,
sadness:0.14,0.12,0.13,0.16,
surprise:0.00,0.00,0.00,0.00,

6, dbn_3lys_1250_500_500_100
anger:0.10,0.10,0.13,0.12,
contempt:0.00,0.00,0.00,0.00,
disgust:0.00,0.00,0.00,0.00,
fear:0.00,0.00,0.00,0.00,
happy:0.82,0.78,0.76,0.76,
sadness:0.07,0.12,0.11,0.12,
surprise:0.00,0.00,0.00,0.00,

7, dbn_3lys_1250_500_500_250
anger:0.15,0.15,0.19,0.15,
contempt:0.00,0.00,0.00,0.00,
disgust:0.00,0.00,0.00,0.00,
fear:0.00,0.00,0.00,0.00,
happy:0.69,0.67,0.63,0.64,
sadness:0.16,0.18,0.18,0.20,
surprise:0.00,0.00,0.00,0.00,

8, dbn_3lys_1250_500_500_500
anger:0.17,0.14,0.16,0.18,
contempt:0.00,0.00,0.00,0.00,
disgust:0.00,0.00,0.00,0.00,
fear:0.00,0.00,0.00,0.00,
happy:0.62,0.66,0.63,0.61,
sadness:0.21,0.20,0.20,0.20,
surprise:0.00,0.00,0.00,0.00,

0, dbn_3lys_1250_500_100_100
anger:0.06,0.06,0.05,0.05,
contempt:0.00,0.00,0.00,0.00,
disgust:0.00,0.00,0.00,0.00,
fear:0.00,0.00,0.00,0.00,
happy:0.86,0.86,0.89,0.85,
sadness:0.08,0.08,0.06,0.10,
surprise:0.00,0.00,0.00,0.00,

1, dbn_3lys_1250_500_100_250
anger:0.10,0.11,0.08,0.08,
contempt:0.00,0.00,0.00,0.00,
disgust:0.00,0.00,0.00,0.00,
fear:0.00,0.00,0.00,0.00,
happy:0.84,0.81,0.84,0.82,
sadness:0.06,0.08,0.07,0.11,
surprise:0.00,0.00,0.00,0.00,

2, dbn_3lys_1250_500_100_500
anger:0.07,0.08,0.08,0.08,
contempt:0.00,0.00,0.00,0.00,
disgust:0.00,0.00,0.00,0.00,
fear:0.00,0.00,0.00,0.00,
happy:0.84,0.79,0.79,0.82,
sadness:0.09,0.13,0.13,0.10,
surprise:0.00,0.00,0.00,0.00,

3, dbn_3lys_1250_500_250_100
anger:0.09,0.12,0.10,0.17,
contempt:0.00,0.00,0.00,0.00,
disgust:0.00,0.00,0.00,0.00,
fear:0.00,0.00,0.00,0.00,
happy:0.80,0.74,0.74,0.69,
sadness:0.10,0.14,0.16,0.14,
surprise:0.00,0.00,0.00,0.00,

4, dbn_3lys_1250_500_250_250
anger:0.13,0.13,0.18,0.14,
contempt:0.00,0.00,0.00,0.00,
disgust:0.00,0.00,0.00,0.00,
fear:0.00,0.00,0.00,0.00,
happy:0.76,0.74,0.72,0.69,
sadness:0.11,0.14,0.10,0.17,
surprise:0.00,0.00,0.00,0.00,

5, dbn_3lys_1250_500_250_500
anger:0.15,0.17,0.16,0.16,
contempt:0.00,0.00,0.00,0.00,
disgust:0.00,0.00,0.00,0.00,
fear:0.00,0.00,0.00,0.00,
happy:0.72,0.67,0.67,0.63,
sadness:0.13,0.17,0.17,0.21,
surprise:0.00,0.00,0.00,0.00,

6, dbn_3lys_1250_500_500_100
anger:0.10,0.13,0.14,0.16,
contempt:0.00,0.00,0.00,0.00,
disgust:0.00,0.00,0.00,0.00,
fear:0.00,0.00,0.00,0.00,
happy:0.74,0.73,0.69,0.67,
sadness:0.16,0.13,0.17,0.17,
surprise:0.00,0.00,0.00,0.00,

7, dbn_3lys_1250_500_500_250
anger:0.18,0.21,0.22,0.19,
contempt:0.00,0.00,0.00,0.00,
disgust:0.00,0.00,0.00,0.00,
fear:0.00,0.00,0.00,0.00,
happy:0.63,0.60,0.57,0.61,
sadness:0.19,0.19,0.21,0.19,
surprise:0.00,0.00,0.00,0.00,

8, dbn_3lys_1250_500_500_500
anger:0.26,0.22,0.23,0.24,
contempt:0.00,0.00,0.00,0.00,
disgust:0.00,0.00,0.00,0.00,
fear:0.00,0.00,0.00,0.00,
happy:0.51,0.59,0.57,0.56,
sadness:0.23,0.19,0.20,0.20,
surprise:0.00,0.00,0.00,0.00,

0, dbn_3lys_1250_500_100_100
anger:0.09,0.08,0.11,0.09,
contempt:0.00,0.00,0.00,0.00,
disgust:0.00,0.00,0.00,0.00,
fear:0.00,0.00,0.00,0.00,
happy:0.82,0.85,0.82,0.84,
sadness:0.09,0.08,0.07,0.07,
surprise:0.00,0.00,0.00,0.00,

1, dbn_3lys_1250_500_100_250
anger:0.10,0.08,0.09,0.08,
contempt:0.00,0.00,0.00,0.00,
disgust:0.00,0.00,0.00,0.00,
fear:0.00,0.00,0.00,0.00,
happy:0.82,0.83,0.82,0.82,
sadness:0.08,0.09,0.09,0.10,
surprise:0.00,0.00,0.00,0.00,

2, dbn_3lys_1250_500_100_500
anger:0.12,0.10,0.12,0.12,
contempt:0.00,0.00,0.00,0.00,
disgust:0.00,0.00,0.00,0.00,
fear:0.00,0.00,0.00,0.00,
happy:0.77,0.80,0.78,0.81,
sadness:0.11,0.10,0.10,0.07,
surprise:0.00,0.00,0.00,0.00,

3, dbn_3lys_1250_500_250_100
anger:0.15,0.15,0.12,0.11,
contempt:0.00,0.00,0.00,0.00,
disgust:0.00,0.00,0.00,0.00,
fear:0.00,0.00,0.00,0.00,
happy:0.66,0.69,0.70,0.73,
sadness:0.19,0.16,0.18,0.15,
surprise:0.00,0.00,0.00,0.00,

4, dbn_3lys_1250_500_250_250
anger:0.21,0.22,0.19,0.19,
contempt:0.00,0.00,0.00,0.00,
disgust:0.00,0.00,0.00,0.00,
fear:0.00,0.00,0.00,0.00,
happy:0.64,0.60,0.61,0.62,
sadness:0.16,0.18,0.20,0.19,
surprise:0.00,0.00,0.00,0.00,

5, dbn_3lys_1250_500_250_500
anger:0.22,0.25,0.18,0.17,
contempt:0.00,0.00,0.00,0.00,
disgust:0.00,0.00,0.00,0.00,
fear:0.00,0.00,0.00,0.00,
happy:0.58,0.52,0.60,0.59,
sadness:0.21,0.23,0.22,0.24,
surprise:0.00,0.00,0.00,0.00,

6, dbn_3lys_1250_500_500_100
anger:0.15,0.15,0.16,0.16,
contempt:0.00,0.00,0.00,0.00,
disgust:0.00,0.00,0.00,0.00,
fear:0.00,0.00,0.00,0.00,
happy:0.72,0.73,0.68,0.64,
sadness:0.13,0.13,0.16,0.20,
surprise:0.00,0.00,0.00,0.00,

7, dbn_3lys_1250_500_500_250
anger:0.22,0.24,0.25,0.22,
contempt:0.00,0.00,0.00,0.00,
disgust:0.00,0.00,0.00,0.00,
fear:0.00,0.00,0.00,0.00,
happy:0.58,0.57,0.54,0.54,
sadness:0.20,0.18,0.21,0.24,
surprise:0.00,0.00,0.00,0.00,

8, dbn_3lys_1250_500_500_500
anger:0.25,0.26,0.21,0.23,
contempt:0.00,0.00,0.00,0.00,
disgust:0.00,0.00,0.00,0.00,
fear:0.00,0.00,0.00,0.00,
happy:0.52,0.53,0.55,0.54,
sadness:0.23,0.21,0.24,0.23,
surprise:0.00,0.00,0.00,0.00,

0, dbn_3lys_1250_500_100_100
anger:0.06,0.07,0.08,0.09,
contempt:0.00,0.00,0.00,0.00,
disgust:0.00,0.00,0.00,0.00,
fear:0.00,0.00,0.00,0.00,
happy:0.87,0.84,0.83,0.82,
sadness:0.07,0.08,0.09,0.09,
surprise:0.00,0.00,0.00,0.00,

1, dbn_3lys_1250_500_100_250
anger:0.09,0.11,0.09,0.13,
contempt:0.00,0.00,0.00,0.00,
disgust:0.00,0.00,0.00,0.00,
fear:0.00,0.00,0.00,0.00,
happy:0.81,0.79,0.80,0.75,
sadness:0.10,0.10,0.11,0.12,
surprise:0.00,0.00,0.00,0.00,

2, dbn_3lys_1250_500_100_500
anger:0.10,0.12,0.12,0.14,
contempt:0.00,0.00,0.00,0.00,
disgust:0.00,0.00,0.00,0.00,
fear:0.00,0.00,0.00,0.00,
happy:0.79,0.76,0.77,0.74,
sadness:0.11,0.13,0.11,0.13,
surprise:0.00,0.00,0.00,0.00,

3, dbn_3lys_1250_500_250_100
anger:0.15,0.15,0.14,0.16,
contempt:0.00,0.00,0.00,0.00,
disgust:0.00,0.00,0.00,0.00,
fear:0.00,0.00,0.00,0.00,
happy:0.70,0.69,0.68,0.72,
sadness:0.15,0.16,0.18,0.12,
surprise:0.00,0.00,0.00,0.00,

4, dbn_3lys_1250_500_250_250
anger:0.18,0.18,0.22,0.25,
contempt:0.00,0.00,0.00,0.00,
disgust:0.00,0.00,0.00,0.00,
fear:0.00,0.00,0.00,0.00,
happy:0.65,0.67,0.61,0.61,
sadness:0.16,0.15,0.17,0.14,
surprise:0.00,0.00,0.00,0.00,

5, dbn_3lys_1250_500_250_500
anger:0.25,0.22,0.22,0.26,
contempt:0.00,0.00,0.00,0.00,
disgust:0.00,0.00,0.00,0.00,
fear:0.00,0.00,0.00,0.00,
happy:0.57,0.55,0.60,0.53,
sadness:0.18,0.23,0.18,0.21,
surprise:0.00,0.00,0.00,0.00,

6, dbn_3lys_1250_500_500_100
anger:0.22,0.22,0.19,0.17,
contempt:0.00,0.00,0.00,0.00,
disgust:0.00,0.00,0.00,0.00,
fear:0.00,0.00,0.00,0.00,
happy:0.65,0.63,0.66,0.66,
sadness:0.14,0.15,0.15,0.17,
surprise:0.00,0.00,0.00,0.00,

7, dbn_3lys_1250_500_500_250
anger:0.24,0.24,0.21,0.22,
contempt:0.00,0.00,0.00,0.00,
disgust:0.00,0.00,0.00,0.00,
fear:0.00,0.00,0.00,0.00,
happy:0.59,0.54,0.57,0.54,
sadness:0.17,0.22,0.22,0.24,
surprise:0.00,0.00,0.00,0.00,

8, dbn_3lys_1250_500_500_500
anger:0.20,0.21,0.26,0.21,
contempt:0.00,0.00,0.00,0.00,
disgust:0.00,0.00,0.00,0.00,
fear:0.00,0.00,0.00,0.00,
happy:0.54,0.52,0.50,0.54,
sadness:0.26,0.27,0.24,0.26,
surprise:0.00,0.00,0.00,0.00,

0, dbn_3lys_1250_500_100_100
anger:0.10,0.10,0.11,0.09,
contempt:0.00,0.00,0.00,0.00,
disgust:0.00,0.00,0.00,0.00,
fear:0.00,0.00,0.00,0.00,
happy:0.83,0.80,0.80,0.82,
sadness:0.07,0.10,0.09,0.10,
surprise:0.00,0.00,0.00,0.00,

1, dbn_3lys_1250_500_100_250
anger:0.12,0.12,0.10,0.13,
contempt:0.00,0.00,0.00,0.00,
disgust:0.00,0.00,0.00,0.00,
fear:0.00,0.00,0.00,0.00,
happy:0.78,0.75,0.80,0.77,
sadness:0.10,0.13,0.10,0.11,
surprise:0.00,0.00,0.00,0.00,

2, dbn_3lys_1250_500_100_500
anger:0.15,0.12,0.14,0.14,
contempt:0.00,0.00,0.00,0.00,
disgust:0.00,0.00,0.00,0.00,
fear:0.00,0.00,0.00,0.00,
happy:0.75,0.77,0.75,0.74,
sadness:0.10,0.11,0.10,0.12,
surprise:0.00,0.00,0.00,0.00,

3, dbn_3lys_1250_500_250_100
anger:0.20,0.16,0.16,0.17,
contempt:0.00,0.00,0.00,0.00,
disgust:0.00,0.00,0.00,0.00,
fear:0.00,0.00,0.00,0.00,
happy:0.66,0.69,0.71,0.68,
sadness:0.14,0.15,0.13,0.16,
surprise:0.00,0.00,0.00,0.00,

4, dbn_3lys_1250_500_250_250
anger:0.24,0.27,0.21,0.22,
contempt:0.00,0.00,0.00,0.00,
disgust:0.00,0.00,0.00,0.00,
fear:0.00,0.00,0.00,0.00,
happy:0.59,0.56,0.60,0.60,
sadness:0.17,0.17,0.19,0.17,
surprise:0.00,0.00,0.00,0.00,

5, dbn_3lys_1250_500_250_500
anger:0.24,0.24,0.25,0.27,
contempt:0.00,0.00,0.00,0.00,
disgust:0.00,0.00,0.00,0.00,
fear:0.00,0.00,0.00,0.00,
happy:0.61,0.59,0.55,0.56,
sadness:0.15,0.17,0.20,0.17,
surprise:0.00,0.00,0.00,0.00,

6, dbn_3lys_1250_500_500_100
anger:0.22,0.18,0.19,0.21,
contempt:0.00,0.00,0.00,0.00,
disgust:0.00,0.00,0.00,0.00,
fear:0.00,0.00,0.00,0.00,
happy:0.65,0.66,0.69,0.63,
sadness:0.14,0.17,0.12,0.16,
surprise:0.00,0.00,0.00,0.00,

7, dbn_3lys_1250_500_500_250
anger:0.25,0.23,0.29,0.22,
contempt:0.00,0.00,0.00,0.00,
disgust:0.00,0.00,0.00,0.00,
fear:0.00,0.00,0.00,0.00,
happy:0.56,0.53,0.52,0.55,
sadness:0.19,0.24,0.19,0.23,
surprise:0.00,0.00,0.00,0.00,

8, dbn_3lys_1250_500_500_500
anger:0.28,0.29,0.28,0.34,
contempt:0.00,0.00,0.00,0.00,
disgust:0.00,0.00,0.00,0.00,
fear:0.00,0.00,0.00,0.00,
happy:0.56,0.53,0.53,0.49,
sadness:0.16,0.18,0.18,0.17,
surprise:0.00,0.00,0.00,0.00,

0, dbn_3lys_1250_500_100_100
anger:0.09,0.06,0.11,0.10,
contempt:0.00,0.00,0.00,0.00,
disgust:0.00,0.00,0.00,0.00,
fear:0.00,0.00,0.00,0.00,
happy:0.83,0.84,0.80,0.80,
sadness:0.08,0.10,0.08,0.09,
surprise:0.00,0.00,0.00,0.00,

1, dbn_3lys_1250_500_100_250
anger:0.14,0.13,0.13,0.13,
contempt:0.00,0.00,0.00,0.00,
disgust:0.00,0.00,0.00,0.00,
fear:0.00,0.00,0.00,0.00,
happy:0.75,0.75,0.77,0.73,
sadness:0.10,0.12,0.10,0.14,
surprise:0.00,0.00,0.00,0.00,

2, dbn_3lys_1250_500_100_500
anger:0.15,0.15,0.15,0.13,
contempt:0.00,0.00,0.00,0.00,
disgust:0.00,0.00,0.00,0.00,
fear:0.00,0.00,0.00,0.00,
happy:0.73,0.72,0.76,0.71,
sadness:0.13,0.13,0.09,0.16,
surprise:0.00,0.00,0.00,0.00,

3, dbn_3lys_1250_500_250_100
anger:0.13,0.17,0.16,0.18,
contempt:0.00,0.00,0.00,0.00,
disgust:0.00,0.00,0.00,0.00,
fear:0.00,0.00,0.00,0.00,
happy:0.71,0.67,0.70,0.63,
sadness:0.16,0.16,0.14,0.19,
surprise:0.00,0.00,0.00,0.00,

4, dbn_3lys_1250_500_250_250
anger:0.22,0.26,0.23,0.22,
contempt:0.00,0.00,0.00,0.00,
disgust:0.00,0.00,0.00,0.00,
fear:0.00,0.00,0.00,0.00,
happy:0.62,0.55,0.60,0.62,
sadness:0.16,0.19,0.18,0.16,
surprise:0.00,0.00,0.00,0.00,

5, dbn_3lys_1250_500_250_500
anger:0.21,0.24,0.27,0.31,
contempt:0.00,0.00,0.00,0.00,
disgust:0.00,0.00,0.00,0.00,
fear:0.00,0.00,0.00,0.00,
happy:0.63,0.57,0.58,0.54,
sadness:0.16,0.20,0.15,0.15,
surprise:0.00,0.00,0.00,0.00,

6, dbn_3lys_1250_500_500_100
anger:0.24,0.22,0.18,0.26,
contempt:0.00,0.00,0.00,0.00,
disgust:0.00,0.00,0.00,0.00,
fear:0.00,0.00,0.00,0.00,
happy:0.61,0.58,0.69,0.61,
sadness:0.15,0.21,0.14,0.13,
surprise:0.00,0.00,0.00,0.00,

7, dbn_3lys_1250_500_500_250
anger:0.23,0.26,0.30,0.30,
contempt:0.00,0.00,0.00,0.00,
disgust:0.00,0.00,0.00,0.00,
fear:0.00,0.00,0.00,0.00,
happy:0.47,0.48,0.49,0.49,
sadness:0.30,0.26,0.21,0.21,
surprise:0.00,0.00,0.00,0.00,

8, dbn_3lys_1250_500_500_500
anger:0.29,0.34,0.33,0.36,
contempt:0.00,0.00,0.00,0.00,
disgust:0.00,0.00,0.00,0.00,
fear:0.00,0.00,0.00,0.00,
happy:0.44,0.37,0.43,0.42,
sadness:0.27,0.29,0.24,0.22,
surprise:0.00,0.00,0.00,0.00,


