ExperimentADBN525
ldbn_2lys_625_250_100_rdbn_2lys_625_250_100_t50
active_h
anger:0.13,0.08,0.09,0.09,
contempt:0.00,0.00,0.00,0.00,
disgust:0.00,0.00,0.00,0.00,
fear:0.00,0.00,0.00,0.00,
happy:0.75,0.82,0.81,0.84,
sadness:0.11,0.10,0.10,0.07,
surprise:0.00,0.00,0.00,0.00,
v_noisy_active_h
anger:0.13,0.10,0.11,0.08,
contempt:0.00,0.00,0.00,0.00,
disgust:0.00,0.00,0.00,0.00,
fear:0.00,0.00,0.00,0.00,
happy:0.75,0.79,0.78,0.85,
sadness:0.11,0.11,0.11,0.07,
surprise:0.00,0.00,0.00,0.00,
zero
anger:0.13,0.16,0.16,0.18,
contempt:0.00,0.00,0.00,0.00,
disgust:0.00,0.00,0.00,0.00,
fear:0.00,0.00,0.00,0.00,
happy:0.75,0.62,0.61,0.60,
sadness:0.11,0.22,0.23,0.22,
surprise:0.00,0.00,0.00,0.00,
binomial0.1
anger:0.13,0.09,0.11,0.10,
contempt:0.00,0.00,0.00,0.00,
disgust:0.00,0.00,0.00,0.00,
fear:0.00,0.00,0.00,0.00,
happy:0.75,0.80,0.79,0.79,
sadness:0.11,0.10,0.10,0.11,
surprise:0.00,0.00,0.00,0.00,

ldbn_2lys_625_250_100_rdbn_2lys_625_250_100_t100
active_h
anger:0.11,0.09,0.14,0.12,
contempt:0.00,0.00,0.00,0.00,
disgust:0.00,0.00,0.00,0.00,
fear:0.00,0.00,0.00,0.00,
happy:0.74,0.81,0.76,0.79,
sadness:0.14,0.10,0.10,0.09,
surprise:0.00,0.00,0.00,0.00,
v_noisy_active_h
anger:0.11,0.10,0.10,0.11,
contempt:0.00,0.00,0.00,0.00,
disgust:0.00,0.00,0.00,0.00,
fear:0.00,0.00,0.00,0.00,
happy:0.74,0.79,0.79,0.82,
sadness:0.14,0.11,0.10,0.07,
surprise:0.00,0.00,0.00,0.00,
zero
anger:0.11,0.12,0.16,0.17,
contempt:0.00,0.00,0.00,0.00,
disgust:0.00,0.00,0.00,0.00,
fear:0.00,0.00,0.00,0.00,
happy:0.74,0.65,0.54,0.63,
sadness:0.14,0.23,0.30,0.21,
surprise:0.00,0.00,0.00,0.00,
binomial0.1
anger:0.11,0.10,0.10,0.08,
contempt:0.00,0.00,0.00,0.00,
disgust:0.00,0.00,0.00,0.00,
fear:0.00,0.00,0.00,0.00,
happy:0.74,0.77,0.75,0.84,
sadness:0.14,0.13,0.15,0.08,
surprise:0.00,0.00,0.00,0.00,

ldbn_2lys_625_250_100_rdbn_2lys_625_250_100_t50
active_h
anger:0.23,0.14,0.17,0.19,
contempt:0.00,0.00,0.00,0.00,
disgust:0.00,0.00,0.00,0.00,
fear:0.00,0.00,0.00,0.00,
happy:0.62,0.70,0.63,0.71,
sadness:0.16,0.16,0.20,0.11,
surprise:0.00,0.00,0.00,0.00,
v_noisy_active_h
anger:0.23,0.14,0.13,0.18,
contempt:0.00,0.00,0.00,0.00,
disgust:0.00,0.00,0.00,0.00,
fear:0.00,0.00,0.00,0.00,
happy:0.62,0.71,0.67,0.71,
sadness:0.16,0.15,0.19,0.10,
surprise:0.00,0.00,0.00,0.00,
zero
anger:0.23,0.18,0.13,0.19,
contempt:0.00,0.00,0.00,0.00,
disgust:0.00,0.00,0.00,0.00,
fear:0.00,0.00,0.00,0.00,
happy:0.62,0.67,0.68,0.67,
sadness:0.16,0.16,0.19,0.14,
surprise:0.00,0.00,0.00,0.00,
binomial0.1
anger:0.23,0.16,0.14,0.17,
contempt:0.00,0.00,0.00,0.00,
disgust:0.00,0.00,0.00,0.00,
fear:0.00,0.00,0.00,0.00,
happy:0.62,0.69,0.68,0.72,
sadness:0.16,0.16,0.18,0.11,
surprise:0.00,0.00,0.00,0.00,

ldbn_2lys_625_250_100_rdbn_2lys_625_250_100_t100
active_h
anger:0.22,0.13,0.16,0.20,
contempt:0.00,0.00,0.00,0.00,
disgust:0.00,0.00,0.00,0.00,
fear:0.00,0.00,0.00,0.00,
happy:0.65,0.67,0.64,0.69,
sadness:0.14,0.20,0.20,0.10,
surprise:0.00,0.00,0.00,0.00,
v_noisy_active_h
anger:0.22,0.15,0.13,0.20,
contempt:0.00,0.00,0.00,0.00,
disgust:0.00,0.00,0.00,0.00,
fear:0.00,0.00,0.00,0.00,
happy:0.65,0.66,0.65,0.67,
sadness:0.14,0.20,0.22,0.13,
surprise:0.00,0.00,0.00,0.00,
zero
anger:0.22,0.16,0.18,0.24,
contempt:0.00,0.00,0.00,0.00,
disgust:0.00,0.00,0.00,0.00,
fear:0.00,0.00,0.00,0.00,
happy:0.65,0.67,0.61,0.66,
sadness:0.14,0.18,0.20,0.11,
surprise:0.00,0.00,0.00,0.00,
binomial0.1
anger:0.22,0.17,0.18,0.20,
contempt:0.00,0.00,0.00,0.00,
disgust:0.00,0.00,0.00,0.00,
fear:0.00,0.00,0.00,0.00,
happy:0.65,0.65,0.60,0.69,
sadness:0.14,0.18,0.22,0.11,
surprise:0.00,0.00,0.00,0.00,

ldbn_2lys_625_250_100_rdbn_2lys_625_250_100_t50
active_h
anger:0.35,0.13,0.23,0.24,
contempt:0.00,0.00,0.00,0.00,
disgust:0.00,0.00,0.00,0.00,
fear:0.00,0.00,0.00,0.00,
happy:0.41,0.56,0.50,0.50,
sadness:0.25,0.31,0.27,0.27,
surprise:0.00,0.00,0.00,0.00,
v_noisy_active_h
anger:0.35,0.13,0.23,0.24,
contempt:0.00,0.00,0.00,0.00,
disgust:0.00,0.00,0.00,0.00,
fear:0.00,0.00,0.00,0.00,
happy:0.41,0.54,0.49,0.54,
sadness:0.25,0.33,0.27,0.22,
surprise:0.00,0.00,0.00,0.00,
zero
anger:0.35,0.16,0.22,0.22,
contempt:0.00,0.00,0.00,0.00,
disgust:0.00,0.00,0.00,0.00,
fear:0.00,0.00,0.00,0.00,
happy:0.41,0.53,0.50,0.54,
sadness:0.25,0.31,0.27,0.24,
surprise:0.00,0.00,0.00,0.00,
binomial0.1
anger:0.35,0.13,0.20,0.25,
contempt:0.00,0.00,0.00,0.00,
disgust:0.00,0.00,0.00,0.00,
fear:0.00,0.00,0.00,0.00,
happy:0.41,0.54,0.51,0.50,
sadness:0.25,0.33,0.29,0.24,
surprise:0.00,0.00,0.00,0.00,

ldbn_2lys_625_250_100_rdbn_2lys_625_250_100_t100
active_h
anger:0.34,0.15,0.22,0.24,
contempt:0.00,0.00,0.00,0.00,
disgust:0.00,0.00,0.00,0.00,
fear:0.00,0.00,0.00,0.00,
happy:0.41,0.53,0.50,0.50,
sadness:0.25,0.32,0.28,0.26,
surprise:0.00,0.00,0.00,0.00,
v_noisy_active_h
anger:0.34,0.16,0.24,0.23,
contempt:0.00,0.00,0.00,0.00,
disgust:0.00,0.00,0.00,0.00,
fear:0.00,0.00,0.00,0.00,
happy:0.41,0.55,0.48,0.52,
sadness:0.25,0.29,0.28,0.25,
surprise:0.00,0.00,0.00,0.00,
zero
anger:0.34,0.15,0.24,0.24,
contempt:0.00,0.00,0.00,0.00,
disgust:0.00,0.00,0.00,0.00,
fear:0.00,0.00,0.00,0.00,
happy:0.41,0.52,0.51,0.51,
sadness:0.25,0.33,0.25,0.24,
surprise:0.00,0.00,0.00,0.00,
binomial0.1
anger:0.34,0.13,0.23,0.26,
contempt:0.00,0.00,0.00,0.00,
disgust:0.00,0.00,0.00,0.00,
fear:0.00,0.00,0.00,0.00,
happy:0.41,0.53,0.49,0.51,
sadness:0.25,0.34,0.27,0.23,
surprise:0.00,0.00,0.00,0.00,

ldbn_2lys_625_250_100_rdbn_2lys_625_250_100_t50
active_h
anger:0.15,0.09,0.11,0.15,
contempt:0.00,0.00,0.00,0.00,
disgust:0.00,0.00,0.00,0.00,
fear:0.00,0.00,0.00,0.00,
happy:0.74,0.79,0.80,0.75,
sadness:0.11,0.12,0.09,0.10,
surprise:0.00,0.00,0.00,0.00,
v_noisy_active_h
anger:0.15,0.11,0.14,0.14,
contempt:0.00,0.00,0.00,0.00,
disgust:0.00,0.00,0.00,0.00,
fear:0.00,0.00,0.00,0.00,
happy:0.74,0.74,0.73,0.75,
sadness:0.11,0.15,0.13,0.11,
surprise:0.00,0.00,0.00,0.00,
zero
anger:0.15,0.13,0.16,0.18,
contempt:0.00,0.00,0.00,0.00,
disgust:0.00,0.00,0.00,0.00,
fear:0.00,0.00,0.00,0.00,
happy:0.74,0.62,0.58,0.51,
sadness:0.11,0.25,0.25,0.30,
surprise:0.00,0.00,0.00,0.00,
binomial0.1
anger:0.15,0.11,0.12,0.12,
contempt:0.00,0.00,0.00,0.00,
disgust:0.00,0.00,0.00,0.00,
fear:0.00,0.00,0.00,0.00,
happy:0.74,0.73,0.77,0.75,
sadness:0.11,0.16,0.11,0.14,
surprise:0.00,0.00,0.00,0.00,

ldbn_2lys_625_250_100_rdbn_2lys_625_250_100_t100
active_h
anger:0.13,0.12,0.14,0.25,
contempt:0.00,0.00,0.00,0.00,
disgust:0.00,0.00,0.00,0.00,
fear:0.00,0.00,0.00,0.00,
happy:0.75,0.79,0.75,0.62,
sadness:0.12,0.09,0.11,0.12,
surprise:0.00,0.00,0.00,0.00,
v_noisy_active_h
anger:0.13,0.12,0.14,0.15,
contempt:0.00,0.00,0.00,0.00,
disgust:0.00,0.00,0.00,0.00,
fear:0.00,0.00,0.00,0.00,
happy:0.75,0.75,0.75,0.72,
sadness:0.12,0.13,0.11,0.12,
surprise:0.00,0.00,0.00,0.00,
zero
anger:0.13,0.14,0.14,0.12,
contempt:0.00,0.00,0.00,0.00,
disgust:0.00,0.00,0.00,0.00,
fear:0.00,0.00,0.00,0.00,
happy:0.75,0.65,0.59,0.61,
sadness:0.12,0.21,0.27,0.27,
surprise:0.00,0.00,0.00,0.00,
binomial0.1
anger:0.13,0.10,0.14,0.11,
contempt:0.00,0.00,0.00,0.00,
disgust:0.00,0.00,0.00,0.00,
fear:0.00,0.00,0.00,0.00,
happy:0.75,0.77,0.72,0.76,
sadness:0.12,0.13,0.14,0.13,
surprise:0.00,0.00,0.00,0.00,

ldbn_2lys_625_250_100_rdbn_2lys_625_250_100_t50
active_h
anger:0.15,0.18,0.16,0.11,
contempt:0.00,0.00,0.00,0.00,
disgust:0.00,0.00,0.00,0.00,
fear:0.00,0.00,0.00,0.00,
happy:0.72,0.68,0.72,0.73,
sadness:0.13,0.14,0.12,0.16,
surprise:0.00,0.00,0.00,0.00,
v_noisy_active_h
anger:0.15,0.15,0.16,0.13,
contempt:0.00,0.00,0.00,0.00,
disgust:0.00,0.00,0.00,0.00,
fear:0.00,0.00,0.00,0.00,
happy:0.72,0.72,0.70,0.70,
sadness:0.13,0.13,0.14,0.17,
surprise:0.00,0.00,0.00,0.00,
zero
anger:0.15,0.18,0.16,0.13,
contempt:0.00,0.00,0.00,0.00,
disgust:0.00,0.00,0.00,0.00,
fear:0.00,0.00,0.00,0.00,
happy:0.72,0.69,0.72,0.67,
sadness:0.13,0.13,0.12,0.20,
surprise:0.00,0.00,0.00,0.00,
binomial0.1
anger:0.15,0.19,0.15,0.12,
contempt:0.00,0.00,0.00,0.00,
disgust:0.00,0.00,0.00,0.00,
fear:0.00,0.00,0.00,0.00,
happy:0.72,0.68,0.72,0.72,
sadness:0.13,0.13,0.13,0.16,
surprise:0.00,0.00,0.00,0.00,

ldbn_2lys_625_250_100_rdbn_2lys_625_250_100_t100
active_h
anger:0.16,0.15,0.16,0.11,
contempt:0.00,0.00,0.00,0.00,
disgust:0.00,0.00,0.00,0.00,
fear:0.00,0.00,0.00,0.00,
happy:0.71,0.72,0.67,0.71,
sadness:0.14,0.14,0.17,0.18,
surprise:0.00,0.00,0.00,0.00,
v_noisy_active_h
anger:0.16,0.17,0.17,0.15,
contempt:0.00,0.00,0.00,0.00,
disgust:0.00,0.00,0.00,0.00,
fear:0.00,0.00,0.00,0.00,
happy:0.71,0.69,0.67,0.66,
sadness:0.14,0.13,0.16,0.19,
surprise:0.00,0.00,0.00,0.00,
zero
anger:0.16,0.13,0.15,0.12,
contempt:0.00,0.00,0.00,0.00,
disgust:0.00,0.00,0.00,0.00,
fear:0.00,0.00,0.00,0.00,
happy:0.71,0.72,0.69,0.67,
sadness:0.14,0.15,0.17,0.21,
surprise:0.00,0.00,0.00,0.00,
binomial0.1
anger:0.16,0.18,0.17,0.13,
contempt:0.00,0.00,0.00,0.00,
disgust:0.00,0.00,0.00,0.00,
fear:0.00,0.00,0.00,0.00,
happy:0.71,0.68,0.68,0.71,
sadness:0.14,0.14,0.16,0.17,
surprise:0.00,0.00,0.00,0.00,

ldbn_2lys_625_250_100_rdbn_2lys_625_250_100_t50
active_h
anger:0.35,0.20,0.27,0.20,
contempt:0.00,0.00,0.00,0.00,
disgust:0.00,0.00,0.00,0.00,
fear:0.00,0.00,0.00,0.00,
happy:0.43,0.58,0.48,0.43,
sadness:0.22,0.21,0.25,0.37,
surprise:0.00,0.00,0.00,0.00,
v_noisy_active_h
anger:0.35,0.20,0.24,0.19,
contempt:0.00,0.00,0.00,0.00,
disgust:0.00,0.00,0.00,0.00,
fear:0.00,0.00,0.00,0.00,
happy:0.43,0.61,0.50,0.44,
sadness:0.22,0.19,0.25,0.37,
surprise:0.00,0.00,0.00,0.00,
zero
anger:0.35,0.17,0.26,0.21,
contempt:0.00,0.00,0.00,0.00,
disgust:0.00,0.00,0.00,0.00,
fear:0.00,0.00,0.00,0.00,
happy:0.43,0.63,0.50,0.40,
sadness:0.22,0.20,0.24,0.39,
surprise:0.00,0.00,0.00,0.00,
binomial0.1
anger:0.35,0.18,0.23,0.22,
contempt:0.00,0.00,0.00,0.00,
disgust:0.00,0.00,0.00,0.00,
fear:0.00,0.00,0.00,0.00,
happy:0.43,0.61,0.49,0.40,
sadness:0.22,0.20,0.28,0.38,
surprise:0.00,0.00,0.00,0.00,

ldbn_2lys_625_250_100_rdbn_2lys_625_250_100_t100
active_h
anger:0.34,0.22,0.25,0.19,
contempt:0.00,0.00,0.00,0.00,
disgust:0.00,0.00,0.00,0.00,
fear:0.00,0.00,0.00,0.00,
happy:0.42,0.57,0.48,0.45,
sadness:0.23,0.21,0.27,0.36,
surprise:0.00,0.00,0.00,0.00,
v_noisy_active_h
anger:0.34,0.19,0.25,0.22,
contempt:0.00,0.00,0.00,0.00,
disgust:0.00,0.00,0.00,0.00,
fear:0.00,0.00,0.00,0.00,
happy:0.42,0.61,0.50,0.42,
sadness:0.23,0.20,0.25,0.36,
surprise:0.00,0.00,0.00,0.00,
zero
anger:0.34,0.19,0.25,0.19,
contempt:0.00,0.00,0.00,0.00,
disgust:0.00,0.00,0.00,0.00,
fear:0.00,0.00,0.00,0.00,
happy:0.42,0.60,0.48,0.40,
sadness:0.23,0.22,0.27,0.41,
surprise:0.00,0.00,0.00,0.00,
binomial0.1
anger:0.34,0.20,0.22,0.21,
contempt:0.00,0.00,0.00,0.00,
disgust:0.00,0.00,0.00,0.00,
fear:0.00,0.00,0.00,0.00,
happy:0.42,0.59,0.50,0.42,
sadness:0.23,0.21,0.28,0.37,
surprise:0.00,0.00,0.00,0.00,

ldbn_2lys_625_250_100_rdbn_2lys_625_250_100_t50
active_h
anger:0.17,0.19,0.16,0.16,
contempt:0.00,0.00,0.00,0.00,
disgust:0.00,0.00,0.00,0.00,
fear:0.00,0.00,0.00,0.00,
happy:0.68,0.70,0.68,0.71,
sadness:0.15,0.11,0.16,0.13,
surprise:0.00,0.00,0.00,0.00,
v_noisy_active_h
anger:0.17,0.19,0.18,0.16,
contempt:0.00,0.00,0.00,0.00,
disgust:0.00,0.00,0.00,0.00,
fear:0.00,0.00,0.00,0.00,
happy:0.68,0.70,0.69,0.74,
sadness:0.15,0.11,0.13,0.10,
surprise:0.00,0.00,0.00,0.00,
zero
anger:0.17,0.15,0.17,0.16,
contempt:0.00,0.00,0.00,0.00,
disgust:0.00,0.00,0.00,0.00,
fear:0.00,0.00,0.00,0.00,
happy:0.68,0.51,0.55,0.65,
sadness:0.15,0.33,0.28,0.19,
surprise:0.00,0.00,0.00,0.00,
binomial0.1
anger:0.17,0.11,0.12,0.11,
contempt:0.00,0.00,0.00,0.00,
disgust:0.00,0.00,0.00,0.00,
fear:0.00,0.00,0.00,0.00,
happy:0.68,0.72,0.74,0.78,
sadness:0.15,0.16,0.15,0.11,
surprise:0.00,0.00,0.00,0.00,

ldbn_2lys_625_250_100_rdbn_2lys_625_250_100_t100
active_h
anger:0.13,0.12,0.18,0.14,
contempt:0.00,0.00,0.00,0.00,
disgust:0.00,0.00,0.00,0.00,
fear:0.00,0.00,0.00,0.00,
happy:0.73,0.81,0.72,0.73,
sadness:0.14,0.08,0.09,0.13,
surprise:0.00,0.00,0.00,0.00,
v_noisy_active_h
anger:0.13,0.14,0.16,0.14,
contempt:0.00,0.00,0.00,0.00,
disgust:0.00,0.00,0.00,0.00,
fear:0.00,0.00,0.00,0.00,
happy:0.73,0.77,0.74,0.75,
sadness:0.14,0.09,0.10,0.10,
surprise:0.00,0.00,0.00,0.00,
zero
anger:0.13,0.23,0.15,0.11,
contempt:0.00,0.00,0.00,0.00,
disgust:0.00,0.00,0.00,0.00,
fear:0.00,0.00,0.00,0.00,
happy:0.73,0.57,0.64,0.65,
sadness:0.14,0.20,0.22,0.24,
surprise:0.00,0.00,0.00,0.00,
binomial0.1
anger:0.13,0.17,0.14,0.12,
contempt:0.00,0.00,0.00,0.00,
disgust:0.00,0.00,0.00,0.00,
fear:0.00,0.00,0.00,0.00,
happy:0.73,0.73,0.72,0.78,
sadness:0.14,0.11,0.14,0.10,
surprise:0.00,0.00,0.00,0.00,

ldbn_2lys_625_250_100_rdbn_2lys_625_250_100_t50
active_h
anger:0.14,0.10,0.20,0.13,
contempt:0.00,0.00,0.00,0.00,
disgust:0.00,0.00,0.00,0.00,
fear:0.00,0.00,0.00,0.00,
happy:0.75,0.76,0.72,0.77,
sadness:0.11,0.14,0.08,0.11,
surprise:0.00,0.00,0.00,0.00,
v_noisy_active_h
anger:0.14,0.11,0.19,0.10,
contempt:0.00,0.00,0.00,0.00,
disgust:0.00,0.00,0.00,0.00,
fear:0.00,0.00,0.00,0.00,
happy:0.75,0.76,0.72,0.79,
sadness:0.11,0.14,0.09,0.11,
surprise:0.00,0.00,0.00,0.00,
zero
anger:0.14,0.12,0.16,0.11,
contempt:0.00,0.00,0.00,0.00,
disgust:0.00,0.00,0.00,0.00,
fear:0.00,0.00,0.00,0.00,
happy:0.75,0.74,0.74,0.75,
sadness:0.11,0.14,0.10,0.13,
surprise:0.00,0.00,0.00,0.00,
binomial0.1
anger:0.14,0.13,0.17,0.10,
contempt:0.00,0.00,0.00,0.00,
disgust:0.00,0.00,0.00,0.00,
fear:0.00,0.00,0.00,0.00,
happy:0.75,0.72,0.72,0.77,
sadness:0.11,0.15,0.10,0.12,
surprise:0.00,0.00,0.00,0.00,

ldbn_2lys_625_250_100_rdbn_2lys_625_250_100_t100
active_h
anger:0.14,0.09,0.15,0.14,
contempt:0.00,0.00,0.00,0.00,
disgust:0.00,0.00,0.00,0.00,
fear:0.00,0.00,0.00,0.00,
happy:0.72,0.75,0.73,0.73,
sadness:0.13,0.15,0.12,0.13,
surprise:0.00,0.00,0.00,0.00,
v_noisy_active_h
anger:0.14,0.12,0.16,0.12,
contempt:0.00,0.00,0.00,0.00,
disgust:0.00,0.00,0.00,0.00,
fear:0.00,0.00,0.00,0.00,
happy:0.72,0.73,0.73,0.75,
sadness:0.13,0.15,0.11,0.13,
surprise:0.00,0.00,0.00,0.00,
zero
anger:0.14,0.13,0.14,0.13,
contempt:0.00,0.00,0.00,0.00,
disgust:0.00,0.00,0.00,0.00,
fear:0.00,0.00,0.00,0.00,
happy:0.72,0.70,0.74,0.74,
sadness:0.13,0.17,0.12,0.13,
surprise:0.00,0.00,0.00,0.00,
binomial0.1
anger:0.14,0.11,0.16,0.12,
contempt:0.00,0.00,0.00,0.00,
disgust:0.00,0.00,0.00,0.00,
fear:0.00,0.00,0.00,0.00,
happy:0.72,0.73,0.71,0.75,
sadness:0.13,0.16,0.13,0.14,
surprise:0.00,0.00,0.00,0.00,

ldbn_2lys_625_250_100_rdbn_2lys_625_250_100_t50
active_h
anger:0.13,0.14,0.22,0.29,
contempt:0.00,0.00,0.00,0.00,
disgust:0.00,0.00,0.00,0.00,
fear:0.00,0.00,0.00,0.00,
happy:0.66,0.48,0.58,0.48,
sadness:0.21,0.38,0.21,0.23,
surprise:0.00,0.00,0.00,0.00,
v_noisy_active_h
anger:0.13,0.11,0.22,0.27,
contempt:0.00,0.00,0.00,0.00,
disgust:0.00,0.00,0.00,0.00,
fear:0.00,0.00,0.00,0.00,
happy:0.66,0.51,0.53,0.49,
sadness:0.21,0.38,0.25,0.24,
surprise:0.00,0.00,0.00,0.00,
zero
anger:0.13,0.11,0.21,0.26,
contempt:0.00,0.00,0.00,0.00,
disgust:0.00,0.00,0.00,0.00,
fear:0.00,0.00,0.00,0.00,
happy:0.66,0.51,0.58,0.51,
sadness:0.21,0.38,0.21,0.23,
surprise:0.00,0.00,0.00,0.00,
binomial0.1
anger:0.13,0.12,0.19,0.27,
contempt:0.00,0.00,0.00,0.00,
disgust:0.00,0.00,0.00,0.00,
fear:0.00,0.00,0.00,0.00,
happy:0.66,0.51,0.60,0.51,
sadness:0.21,0.37,0.20,0.22,
surprise:0.00,0.00,0.00,0.00,

ldbn_2lys_625_250_100_rdbn_2lys_625_250_100_t100
active_h
anger:0.14,0.12,0.23,0.24,
contempt:0.00,0.00,0.00,0.00,
disgust:0.00,0.00,0.00,0.00,
fear:0.00,0.00,0.00,0.00,
happy:0.66,0.49,0.58,0.49,
sadness:0.19,0.40,0.19,0.26,
surprise:0.00,0.00,0.00,0.00,
v_noisy_active_h
anger:0.14,0.14,0.21,0.22,
contempt:0.00,0.00,0.00,0.00,
disgust:0.00,0.00,0.00,0.00,
fear:0.00,0.00,0.00,0.00,
happy:0.66,0.48,0.55,0.53,
sadness:0.19,0.38,0.24,0.26,
surprise:0.00,0.00,0.00,0.00,
zero
anger:0.14,0.11,0.21,0.23,
contempt:0.00,0.00,0.00,0.00,
disgust:0.00,0.00,0.00,0.00,
fear:0.00,0.00,0.00,0.00,
happy:0.66,0.51,0.57,0.53,
sadness:0.19,0.37,0.22,0.24,
surprise:0.00,0.00,0.00,0.00,
binomial0.1
anger:0.14,0.11,0.22,0.21,
contempt:0.00,0.00,0.00,0.00,
disgust:0.00,0.00,0.00,0.00,
fear:0.00,0.00,0.00,0.00,
happy:0.66,0.49,0.60,0.55,
sadness:0.19,0.41,0.18,0.25,
surprise:0.00,0.00,0.00,0.00,

ldbn_2lys_625_250_100_rdbn_2lys_625_250_100_t50
active_h
anger:0.17,0.12,0.09,0.06,
contempt:0.00,0.00,0.00,0.00,
disgust:0.00,0.00,0.00,0.00,
fear:0.00,0.00,0.00,0.00,
happy:0.69,0.75,0.82,0.85,
sadness:0.14,0.13,0.08,0.08,
surprise:0.00,0.00,0.00,0.00,
v_noisy_active_h
anger:0.17,0.11,0.10,0.09,
contempt:0.00,0.00,0.00,0.00,
disgust:0.00,0.00,0.00,0.00,
fear:0.00,0.00,0.00,0.00,
happy:0.69,0.77,0.80,0.81,
sadness:0.14,0.13,0.10,0.10,
surprise:0.00,0.00,0.00,0.00,
zero
anger:0.17,0.20,0.16,0.16,
contempt:0.00,0.00,0.00,0.00,
disgust:0.00,0.00,0.00,0.00,
fear:0.00,0.00,0.00,0.00,
happy:0.69,0.60,0.68,0.63,
sadness:0.14,0.19,0.16,0.21,
surprise:0.00,0.00,0.00,0.00,
binomial0.1
anger:0.17,0.14,0.10,0.10,
contempt:0.00,0.00,0.00,0.00,
disgust:0.00,0.00,0.00,0.00,
fear:0.00,0.00,0.00,0.00,
happy:0.69,0.75,0.79,0.75,
sadness:0.14,0.11,0.10,0.15,
surprise:0.00,0.00,0.00,0.00,

ldbn_2lys_625_250_100_rdbn_2lys_625_250_100_t100
active_h
anger:0.15,0.12,0.15,0.10,
contempt:0.00,0.00,0.00,0.00,
disgust:0.00,0.00,0.00,0.00,
fear:0.00,0.00,0.00,0.00,
happy:0.75,0.76,0.75,0.79,
sadness:0.11,0.11,0.10,0.11,
surprise:0.00,0.00,0.00,0.00,
v_noisy_active_h
anger:0.15,0.14,0.15,0.12,
contempt:0.00,0.00,0.00,0.00,
disgust:0.00,0.00,0.00,0.00,
fear:0.00,0.00,0.00,0.00,
happy:0.75,0.74,0.77,0.79,
sadness:0.11,0.12,0.08,0.09,
surprise:0.00,0.00,0.00,0.00,
zero
anger:0.15,0.22,0.17,0.14,
contempt:0.00,0.00,0.00,0.00,
disgust:0.00,0.00,0.00,0.00,
fear:0.00,0.00,0.00,0.00,
happy:0.75,0.57,0.64,0.60,
sadness:0.11,0.21,0.19,0.26,
surprise:0.00,0.00,0.00,0.00,
binomial0.1
anger:0.15,0.14,0.10,0.09,
contempt:0.00,0.00,0.00,0.00,
disgust:0.00,0.00,0.00,0.00,
fear:0.00,0.00,0.00,0.00,
happy:0.75,0.74,0.78,0.78,
sadness:0.11,0.12,0.11,0.12,
surprise:0.00,0.00,0.00,0.00,

ldbn_2lys_625_250_100_rdbn_2lys_625_250_100_t50
active_h
anger:0.21,0.08,0.09,0.10,
contempt:0.00,0.00,0.00,0.00,
disgust:0.00,0.00,0.00,0.00,
fear:0.00,0.00,0.00,0.00,
happy:0.63,0.77,0.74,0.77,
sadness:0.16,0.15,0.17,0.13,
surprise:0.00,0.00,0.00,0.00,
v_noisy_active_h
anger:0.21,0.08,0.10,0.09,
contempt:0.00,0.00,0.00,0.00,
disgust:0.00,0.00,0.00,0.00,
fear:0.00,0.00,0.00,0.00,
happy:0.63,0.79,0.75,0.77,
sadness:0.16,0.14,0.15,0.13,
surprise:0.00,0.00,0.00,0.00,
zero
anger:0.21,0.10,0.11,0.12,
contempt:0.00,0.00,0.00,0.00,
disgust:0.00,0.00,0.00,0.00,
fear:0.00,0.00,0.00,0.00,
happy:0.63,0.76,0.71,0.73,
sadness:0.16,0.13,0.18,0.15,
surprise:0.00,0.00,0.00,0.00,
binomial0.1
anger:0.21,0.10,0.12,0.13,
contempt:0.00,0.00,0.00,0.00,
disgust:0.00,0.00,0.00,0.00,
fear:0.00,0.00,0.00,0.00,
happy:0.63,0.77,0.72,0.74,
sadness:0.16,0.13,0.16,0.13,
surprise:0.00,0.00,0.00,0.00,

ldbn_2lys_625_250_100_rdbn_2lys_625_250_100_t100
active_h
anger:0.23,0.09,0.13,0.15,
contempt:0.00,0.00,0.00,0.00,
disgust:0.00,0.00,0.00,0.00,
fear:0.00,0.00,0.00,0.00,
happy:0.64,0.74,0.72,0.70,
sadness:0.13,0.17,0.15,0.15,
surprise:0.00,0.00,0.00,0.00,
v_noisy_active_h
anger:0.23,0.11,0.12,0.13,
contempt:0.00,0.00,0.00,0.00,
disgust:0.00,0.00,0.00,0.00,
fear:0.00,0.00,0.00,0.00,
happy:0.64,0.71,0.75,0.73,
sadness:0.13,0.18,0.14,0.14,
surprise:0.00,0.00,0.00,0.00,
zero
anger:0.23,0.11,0.12,0.13,
contempt:0.00,0.00,0.00,0.00,
disgust:0.00,0.00,0.00,0.00,
fear:0.00,0.00,0.00,0.00,
happy:0.64,0.72,0.72,0.70,
sadness:0.13,0.16,0.16,0.16,
surprise:0.00,0.00,0.00,0.00,
binomial0.1
anger:0.23,0.09,0.13,0.14,
contempt:0.00,0.00,0.00,0.00,
disgust:0.00,0.00,0.00,0.00,
fear:0.00,0.00,0.00,0.00,
happy:0.64,0.76,0.70,0.71,
sadness:0.13,0.15,0.17,0.15,
surprise:0.00,0.00,0.00,0.00,

ldbn_2lys_625_250_100_rdbn_2lys_625_250_100_t50
active_h
anger:0.26,0.19,0.23,0.31,
contempt:0.00,0.00,0.00,0.00,
disgust:0.00,0.00,0.00,0.00,
fear:0.00,0.00,0.00,0.00,
happy:0.48,0.60,0.63,0.43,
sadness:0.26,0.20,0.14,0.26,
surprise:0.00,0.00,0.00,0.00,
v_noisy_active_h
anger:0.26,0.21,0.24,0.30,
contempt:0.00,0.00,0.00,0.00,
disgust:0.00,0.00,0.00,0.00,
fear:0.00,0.00,0.00,0.00,
happy:0.48,0.57,0.63,0.44,
sadness:0.26,0.22,0.14,0.27,
surprise:0.00,0.00,0.00,0.00,
zero
anger:0.26,0.24,0.21,0.30,
contempt:0.00,0.00,0.00,0.00,
disgust:0.00,0.00,0.00,0.00,
fear:0.00,0.00,0.00,0.00,
happy:0.48,0.55,0.64,0.47,
sadness:0.26,0.21,0.14,0.23,
surprise:0.00,0.00,0.00,0.00,
binomial0.1
anger:0.26,0.21,0.23,0.31,
contempt:0.00,0.00,0.00,0.00,
disgust:0.00,0.00,0.00,0.00,
fear:0.00,0.00,0.00,0.00,
happy:0.48,0.56,0.59,0.44,
sadness:0.26,0.23,0.17,0.25,
surprise:0.00,0.00,0.00,0.00,

ldbn_2lys_625_250_100_rdbn_2lys_625_250_100_t100
active_h
anger:0.23,0.19,0.20,0.33,
contempt:0.00,0.00,0.00,0.00,
disgust:0.00,0.00,0.00,0.00,
fear:0.00,0.00,0.00,0.00,
happy:0.51,0.62,0.69,0.44,
sadness:0.26,0.20,0.11,0.23,
surprise:0.00,0.00,0.00,0.00,
v_noisy_active_h
anger:0.23,0.18,0.20,0.33,
contempt:0.00,0.00,0.00,0.00,
disgust:0.00,0.00,0.00,0.00,
fear:0.00,0.00,0.00,0.00,
happy:0.51,0.58,0.66,0.46,
sadness:0.26,0.24,0.14,0.21,
surprise:0.00,0.00,0.00,0.00,
zero
anger:0.23,0.19,0.22,0.31,
contempt:0.00,0.00,0.00,0.00,
disgust:0.00,0.00,0.00,0.00,
fear:0.00,0.00,0.00,0.00,
happy:0.51,0.58,0.66,0.45,
sadness:0.26,0.23,0.12,0.24,
surprise:0.00,0.00,0.00,0.00,
binomial0.1
anger:0.23,0.18,0.20,0.31,
contempt:0.00,0.00,0.00,0.00,
disgust:0.00,0.00,0.00,0.00,
fear:0.00,0.00,0.00,0.00,
happy:0.51,0.59,0.67,0.46,
sadness:0.26,0.23,0.13,0.24,
surprise:0.00,0.00,0.00,0.00,

ldbn_2lys_625_250_100_rdbn_2lys_625_250_100_t50
active_h
anger:0.23,0.12,0.16,0.16,
contempt:0.00,0.00,0.00,0.00,
disgust:0.00,0.00,0.00,0.00,
fear:0.00,0.00,0.00,0.00,
happy:0.63,0.71,0.70,0.70,
sadness:0.14,0.17,0.14,0.14,
surprise:0.00,0.00,0.00,0.00,
v_noisy_active_h
anger:0.23,0.12,0.15,0.15,
contempt:0.00,0.00,0.00,0.00,
disgust:0.00,0.00,0.00,0.00,
fear:0.00,0.00,0.00,0.00,
happy:0.63,0.74,0.72,0.74,
sadness:0.14,0.14,0.13,0.12,
surprise:0.00,0.00,0.00,0.00,
zero
anger:0.23,0.13,0.15,0.13,
contempt:0.00,0.00,0.00,0.00,
disgust:0.00,0.00,0.00,0.00,
fear:0.00,0.00,0.00,0.00,
happy:0.63,0.66,0.66,0.68,
sadness:0.14,0.21,0.19,0.19,
surprise:0.00,0.00,0.00,0.00,
binomial0.1
anger:0.23,0.15,0.10,0.10,
contempt:0.00,0.00,0.00,0.00,
disgust:0.00,0.00,0.00,0.00,
fear:0.00,0.00,0.00,0.00,
happy:0.63,0.74,0.79,0.79,
sadness:0.14,0.11,0.11,0.11,
surprise:0.00,0.00,0.00,0.00,

ldbn_2lys_625_250_100_rdbn_2lys_625_250_100_t100
active_h
anger:0.18,0.15,0.11,0.15,
contempt:0.00,0.00,0.00,0.00,
disgust:0.00,0.00,0.00,0.00,
fear:0.00,0.00,0.00,0.00,
happy:0.73,0.75,0.81,0.77,
sadness:0.09,0.10,0.08,0.08,
surprise:0.00,0.00,0.00,0.00,
v_noisy_active_h
anger:0.18,0.16,0.12,0.12,
contempt:0.00,0.00,0.00,0.00,
disgust:0.00,0.00,0.00,0.00,
fear:0.00,0.00,0.00,0.00,
happy:0.73,0.76,0.79,0.78,
sadness:0.09,0.09,0.09,0.10,
surprise:0.00,0.00,0.00,0.00,
zero
anger:0.18,0.13,0.15,0.08,
contempt:0.00,0.00,0.00,0.00,
disgust:0.00,0.00,0.00,0.00,
fear:0.00,0.00,0.00,0.00,
happy:0.73,0.67,0.60,0.66,
sadness:0.09,0.20,0.26,0.26,
surprise:0.00,0.00,0.00,0.00,
binomial0.1
anger:0.18,0.15,0.13,0.12,
contempt:0.00,0.00,0.00,0.00,
disgust:0.00,0.00,0.00,0.00,
fear:0.00,0.00,0.00,0.00,
happy:0.73,0.73,0.76,0.77,
sadness:0.09,0.13,0.12,0.11,
surprise:0.00,0.00,0.00,0.00,

ldbn_2lys_625_250_100_rdbn_2lys_625_250_100_t50
active_h
anger:0.25,0.09,0.13,0.09,
contempt:0.00,0.00,0.00,0.00,
disgust:0.00,0.00,0.00,0.00,
fear:0.00,0.00,0.00,0.00,
happy:0.62,0.76,0.74,0.77,
sadness:0.13,0.15,0.13,0.14,
surprise:0.00,0.00,0.00,0.00,
v_noisy_active_h
anger:0.25,0.08,0.15,0.08,
contempt:0.00,0.00,0.00,0.00,
disgust:0.00,0.00,0.00,0.00,
fear:0.00,0.00,0.00,0.00,
happy:0.62,0.75,0.75,0.77,
sadness:0.13,0.17,0.10,0.15,
surprise:0.00,0.00,0.00,0.00,
zero
anger:0.25,0.12,0.15,0.09,
contempt:0.00,0.00,0.00,0.00,
disgust:0.00,0.00,0.00,0.00,
fear:0.00,0.00,0.00,0.00,
happy:0.62,0.72,0.74,0.76,
sadness:0.13,0.16,0.12,0.15,
surprise:0.00,0.00,0.00,0.00,
binomial0.1
anger:0.25,0.08,0.13,0.10,
contempt:0.00,0.00,0.00,0.00,
disgust:0.00,0.00,0.00,0.00,
fear:0.00,0.00,0.00,0.00,
happy:0.62,0.77,0.75,0.77,
sadness:0.13,0.15,0.12,0.13,
surprise:0.00,0.00,0.00,0.00,

ldbn_2lys_625_250_100_rdbn_2lys_625_250_100_t100
active_h
anger:0.27,0.13,0.15,0.10,
contempt:0.00,0.00,0.00,0.00,
disgust:0.00,0.00,0.00,0.00,
fear:0.00,0.00,0.00,0.00,
happy:0.58,0.74,0.74,0.77,
sadness:0.15,0.13,0.11,0.13,
surprise:0.00,0.00,0.00,0.00,
v_noisy_active_h
anger:0.27,0.11,0.15,0.09,
contempt:0.00,0.00,0.00,0.00,
disgust:0.00,0.00,0.00,0.00,
fear:0.00,0.00,0.00,0.00,
happy:0.58,0.75,0.74,0.76,
sadness:0.15,0.14,0.12,0.16,
surprise:0.00,0.00,0.00,0.00,
zero
anger:0.27,0.16,0.13,0.09,
contempt:0.00,0.00,0.00,0.00,
disgust:0.00,0.00,0.00,0.00,
fear:0.00,0.00,0.00,0.00,
happy:0.58,0.72,0.73,0.78,
sadness:0.15,0.12,0.14,0.13,
surprise:0.00,0.00,0.00,0.00,
binomial0.1
anger:0.27,0.15,0.15,0.11,
contempt:0.00,0.00,0.00,0.00,
disgust:0.00,0.00,0.00,0.00,
fear:0.00,0.00,0.00,0.00,
happy:0.58,0.73,0.73,0.77,
sadness:0.15,0.12,0.12,0.12,
surprise:0.00,0.00,0.00,0.00,

ldbn_2lys_625_250_100_rdbn_2lys_625_250_100_t50
active_h
anger:0.23,0.16,0.27,0.17,
contempt:0.00,0.00,0.00,0.00,
disgust:0.00,0.00,0.00,0.00,
fear:0.00,0.00,0.00,0.00,
happy:0.61,0.51,0.61,0.51,
sadness:0.16,0.32,0.12,0.32,
surprise:0.00,0.00,0.00,0.00,
v_noisy_active_h
anger:0.23,0.15,0.29,0.18,
contempt:0.00,0.00,0.00,0.00,
disgust:0.00,0.00,0.00,0.00,
fear:0.00,0.00,0.00,0.00,
happy:0.61,0.50,0.57,0.52,
sadness:0.16,0.35,0.14,0.30,
surprise:0.00,0.00,0.00,0.00,
zero
anger:0.23,0.18,0.26,0.17,
contempt:0.00,0.00,0.00,0.00,
disgust:0.00,0.00,0.00,0.00,
fear:0.00,0.00,0.00,0.00,
happy:0.61,0.53,0.63,0.53,
sadness:0.16,0.29,0.11,0.30,
surprise:0.00,0.00,0.00,0.00,
binomial0.1
anger:0.23,0.16,0.30,0.18,
contempt:0.00,0.00,0.00,0.00,
disgust:0.00,0.00,0.00,0.00,
fear:0.00,0.00,0.00,0.00,
happy:0.61,0.52,0.57,0.52,
sadness:0.16,0.32,0.13,0.30,
surprise:0.00,0.00,0.00,0.00,

ldbn_2lys_625_250_100_rdbn_2lys_625_250_100_t100
active_h
anger:0.21,0.17,0.27,0.19,
contempt:0.00,0.00,0.00,0.00,
disgust:0.00,0.00,0.00,0.00,
fear:0.00,0.00,0.00,0.00,
happy:0.61,0.53,0.62,0.52,
sadness:0.18,0.31,0.11,0.28,
surprise:0.00,0.00,0.00,0.00,
v_noisy_active_h
anger:0.21,0.17,0.28,0.19,
contempt:0.00,0.00,0.00,0.00,
disgust:0.00,0.00,0.00,0.00,
fear:0.00,0.00,0.00,0.00,
happy:0.61,0.54,0.61,0.54,
sadness:0.18,0.29,0.11,0.28,
surprise:0.00,0.00,0.00,0.00,
zero
anger:0.21,0.18,0.28,0.21,
contempt:0.00,0.00,0.00,0.00,
disgust:0.00,0.00,0.00,0.00,
fear:0.00,0.00,0.00,0.00,
happy:0.61,0.54,0.63,0.52,
sadness:0.18,0.28,0.09,0.27,
surprise:0.00,0.00,0.00,0.00,
binomial0.1
anger:0.21,0.18,0.29,0.18,
contempt:0.00,0.00,0.00,0.00,
disgust:0.00,0.00,0.00,0.00,
fear:0.00,0.00,0.00,0.00,
happy:0.61,0.54,0.59,0.52,
sadness:0.18,0.28,0.12,0.30,
surprise:0.00,0.00,0.00,0.00,

ldbn_2lys_625_250_100_rdbn_2lys_625_250_100_t50
active_h
anger:0.19,0.15,0.18,0.15,
contempt:0.00,0.00,0.00,0.00,
disgust:0.00,0.00,0.00,0.00,
fear:0.00,0.00,0.00,0.00,
happy:0.65,0.70,0.71,0.76,
sadness:0.16,0.15,0.11,0.10,
surprise:0.00,0.00,0.00,0.00,
v_noisy_active_h
anger:0.19,0.15,0.16,0.16,
contempt:0.00,0.00,0.00,0.00,
disgust:0.00,0.00,0.00,0.00,
fear:0.00,0.00,0.00,0.00,
happy:0.65,0.74,0.72,0.72,
sadness:0.16,0.11,0.12,0.12,
surprise:0.00,0.00,0.00,0.00,
zero
anger:0.19,0.16,0.20,0.20,
contempt:0.00,0.00,0.00,0.00,
disgust:0.00,0.00,0.00,0.00,
fear:0.00,0.00,0.00,0.00,
happy:0.65,0.60,0.61,0.60,
sadness:0.16,0.24,0.19,0.20,
surprise:0.00,0.00,0.00,0.00,
binomial0.1
anger:0.19,0.15,0.13,0.13,
contempt:0.00,0.00,0.00,0.00,
disgust:0.00,0.00,0.00,0.00,
fear:0.00,0.00,0.00,0.00,
happy:0.65,0.74,0.77,0.75,
sadness:0.16,0.11,0.10,0.13,
surprise:0.00,0.00,0.00,0.00,

ldbn_2lys_625_250_100_rdbn_2lys_625_250_100_t100
active_h
anger:0.14,0.11,0.16,0.20,
contempt:0.00,0.00,0.00,0.00,
disgust:0.00,0.00,0.00,0.00,
fear:0.00,0.00,0.00,0.00,
happy:0.71,0.80,0.74,0.67,
sadness:0.16,0.09,0.10,0.14,
surprise:0.00,0.00,0.00,0.00,
v_noisy_active_h
anger:0.14,0.11,0.18,0.16,
contempt:0.00,0.00,0.00,0.00,
disgust:0.00,0.00,0.00,0.00,
fear:0.00,0.00,0.00,0.00,
happy:0.71,0.80,0.72,0.71,
sadness:0.16,0.09,0.10,0.13,
surprise:0.00,0.00,0.00,0.00,
zero
anger:0.14,0.16,0.17,0.14,
contempt:0.00,0.00,0.00,0.00,
disgust:0.00,0.00,0.00,0.00,
fear:0.00,0.00,0.00,0.00,
happy:0.71,0.60,0.63,0.62,
sadness:0.16,0.24,0.20,0.24,
surprise:0.00,0.00,0.00,0.00,
binomial0.1
anger:0.14,0.12,0.10,0.11,
contempt:0.00,0.00,0.00,0.00,
disgust:0.00,0.00,0.00,0.00,
fear:0.00,0.00,0.00,0.00,
happy:0.71,0.77,0.79,0.74,
sadness:0.16,0.11,0.10,0.15,
surprise:0.00,0.00,0.00,0.00,

ldbn_2lys_625_250_100_rdbn_2lys_625_250_100_t50
active_h
anger:0.19,0.13,0.13,0.11,
contempt:0.00,0.00,0.00,0.00,
disgust:0.00,0.00,0.00,0.00,
fear:0.00,0.00,0.00,0.00,
happy:0.58,0.69,0.72,0.74,
sadness:0.23,0.18,0.16,0.15,
surprise:0.00,0.00,0.00,0.00,
v_noisy_active_h
anger:0.19,0.15,0.15,0.09,
contempt:0.00,0.00,0.00,0.00,
disgust:0.00,0.00,0.00,0.00,
fear:0.00,0.00,0.00,0.00,
happy:0.58,0.65,0.69,0.76,
sadness:0.23,0.20,0.16,0.15,
surprise:0.00,0.00,0.00,0.00,
zero
anger:0.19,0.19,0.14,0.13,
contempt:0.00,0.00,0.00,0.00,
disgust:0.00,0.00,0.00,0.00,
fear:0.00,0.00,0.00,0.00,
happy:0.58,0.64,0.70,0.72,
sadness:0.23,0.17,0.16,0.15,
surprise:0.00,0.00,0.00,0.00,
binomial0.1
anger:0.19,0.16,0.12,0.11,
contempt:0.00,0.00,0.00,0.00,
disgust:0.00,0.00,0.00,0.00,
fear:0.00,0.00,0.00,0.00,
happy:0.58,0.67,0.71,0.75,
sadness:0.23,0.17,0.17,0.14,
surprise:0.00,0.00,0.00,0.00,

ldbn_2lys_625_250_100_rdbn_2lys_625_250_100_t100
active_h
anger:0.20,0.14,0.12,0.13,
contempt:0.00,0.00,0.00,0.00,
disgust:0.00,0.00,0.00,0.00,
fear:0.00,0.00,0.00,0.00,
happy:0.57,0.67,0.72,0.73,
sadness:0.24,0.20,0.15,0.15,
surprise:0.00,0.00,0.00,0.00,
v_noisy_active_h
anger:0.20,0.18,0.13,0.12,
contempt:0.00,0.00,0.00,0.00,
disgust:0.00,0.00,0.00,0.00,
fear:0.00,0.00,0.00,0.00,
happy:0.57,0.63,0.71,0.72,
sadness:0.24,0.19,0.17,0.16,
surprise:0.00,0.00,0.00,0.00,
zero
anger:0.20,0.17,0.12,0.10,
contempt:0.00,0.00,0.00,0.00,
disgust:0.00,0.00,0.00,0.00,
fear:0.00,0.00,0.00,0.00,
happy:0.57,0.67,0.73,0.76,
sadness:0.24,0.16,0.15,0.14,
surprise:0.00,0.00,0.00,0.00,
binomial0.1
anger:0.20,0.15,0.13,0.13,
contempt:0.00,0.00,0.00,0.00,
disgust:0.00,0.00,0.00,0.00,
fear:0.00,0.00,0.00,0.00,
happy:0.57,0.67,0.72,0.75,
sadness:0.24,0.18,0.14,0.13,
surprise:0.00,0.00,0.00,0.00,

ldbn_2lys_625_250_100_rdbn_2lys_625_250_100_t50
active_h
anger:0.21,0.20,0.15,0.10,
contempt:0.00,0.00,0.00,0.00,
disgust:0.00,0.00,0.00,0.00,
fear:0.00,0.00,0.00,0.00,
happy:0.64,0.64,0.67,0.59,
sadness:0.14,0.16,0.18,0.31,
surprise:0.00,0.00,0.00,0.00,
v_noisy_active_h
anger:0.21,0.20,0.17,0.12,
contempt:0.00,0.00,0.00,0.00,
disgust:0.00,0.00,0.00,0.00,
fear:0.00,0.00,0.00,0.00,
happy:0.64,0.63,0.67,0.61,
sadness:0.14,0.16,0.16,0.27,
surprise:0.00,0.00,0.00,0.00,
zero
anger:0.21,0.18,0.15,0.10,
contempt:0.00,0.00,0.00,0.00,
disgust:0.00,0.00,0.00,0.00,
fear:0.00,0.00,0.00,0.00,
happy:0.64,0.67,0.68,0.61,
sadness:0.14,0.15,0.17,0.29,
surprise:0.00,0.00,0.00,0.00,
binomial0.1
anger:0.21,0.19,0.14,0.09,
contempt:0.00,0.00,0.00,0.00,
disgust:0.00,0.00,0.00,0.00,
fear:0.00,0.00,0.00,0.00,
happy:0.64,0.65,0.71,0.63,
sadness:0.14,0.16,0.15,0.28,
surprise:0.00,0.00,0.00,0.00,

ldbn_2lys_625_250_100_rdbn_2lys_625_250_100_t100
active_h
anger:0.20,0.14,0.15,0.07,
contempt:0.00,0.00,0.00,0.00,
disgust:0.00,0.00,0.00,0.00,
fear:0.00,0.00,0.00,0.00,
happy:0.66,0.69,0.70,0.59,
sadness:0.15,0.16,0.14,0.34,
surprise:0.00,0.00,0.00,0.00,
v_noisy_active_h
anger:0.20,0.17,0.12,0.09,
contempt:0.00,0.00,0.00,0.00,
disgust:0.00,0.00,0.00,0.00,
fear:0.00,0.00,0.00,0.00,
happy:0.66,0.67,0.71,0.59,
sadness:0.15,0.16,0.16,0.32,
surprise:0.00,0.00,0.00,0.00,
zero
anger:0.20,0.17,0.15,0.08,
contempt:0.00,0.00,0.00,0.00,
disgust:0.00,0.00,0.00,0.00,
fear:0.00,0.00,0.00,0.00,
happy:0.66,0.71,0.69,0.60,
sadness:0.15,0.13,0.16,0.31,
surprise:0.00,0.00,0.00,0.00,
binomial0.1
anger:0.20,0.16,0.14,0.10,
contempt:0.00,0.00,0.00,0.00,
disgust:0.00,0.00,0.00,0.00,
fear:0.00,0.00,0.00,0.00,
happy:0.66,0.69,0.72,0.60,
sadness:0.15,0.16,0.14,0.30,
surprise:0.00,0.00,0.00,0.00,

ldbn_2lys_625_250_100_rdbn_2lys_625_250_100_t50
active_h
anger:0.16,0.12,0.10,0.12,
contempt:0.00,0.00,0.00,0.00,
disgust:0.00,0.00,0.00,0.00,
fear:0.00,0.00,0.00,0.00,
happy:0.70,0.78,0.81,0.76,
sadness:0.14,0.10,0.09,0.12,
surprise:0.00,0.00,0.00,0.00,
v_noisy_active_h
anger:0.16,0.10,0.08,0.11,
contempt:0.00,0.00,0.00,0.00,
disgust:0.00,0.00,0.00,0.00,
fear:0.00,0.00,0.00,0.00,
happy:0.70,0.80,0.82,0.79,
sadness:0.14,0.10,0.11,0.10,
surprise:0.00,0.00,0.00,0.00,
zero
anger:0.16,0.16,0.18,0.17,
contempt:0.00,0.00,0.00,0.00,
disgust:0.00,0.00,0.00,0.00,
fear:0.00,0.00,0.00,0.00,
happy:0.70,0.58,0.60,0.60,
sadness:0.14,0.26,0.23,0.23,
surprise:0.00,0.00,0.00,0.00,
binomial0.1
anger:0.16,0.11,0.11,0.12,
contempt:0.00,0.00,0.00,0.00,
disgust:0.00,0.00,0.00,0.00,
fear:0.00,0.00,0.00,0.00,
happy:0.70,0.78,0.76,0.77,
sadness:0.14,0.11,0.14,0.11,
surprise:0.00,0.00,0.00,0.00,

ldbn_2lys_625_250_100_rdbn_2lys_625_250_100_t100
active_h
anger:0.13,0.08,0.08,0.07,
contempt:0.00,0.00,0.00,0.00,
disgust:0.00,0.00,0.00,0.00,
fear:0.00,0.00,0.00,0.00,
happy:0.75,0.81,0.81,0.82,
sadness:0.13,0.11,0.11,0.11,
surprise:0.00,0.00,0.00,0.00,
v_noisy_active_h
anger:0.13,0.09,0.10,0.11,
contempt:0.00,0.00,0.00,0.00,
disgust:0.00,0.00,0.00,0.00,
fear:0.00,0.00,0.00,0.00,
happy:0.75,0.81,0.81,0.79,
sadness:0.13,0.10,0.10,0.10,
surprise:0.00,0.00,0.00,0.00,
zero
anger:0.13,0.16,0.16,0.20,
contempt:0.00,0.00,0.00,0.00,
disgust:0.00,0.00,0.00,0.00,
fear:0.00,0.00,0.00,0.00,
happy:0.75,0.58,0.56,0.58,
sadness:0.13,0.25,0.28,0.22,
surprise:0.00,0.00,0.00,0.00,
binomial0.1
anger:0.13,0.12,0.12,0.14,
contempt:0.00,0.00,0.00,0.00,
disgust:0.00,0.00,0.00,0.00,
fear:0.00,0.00,0.00,0.00,
happy:0.75,0.76,0.75,0.75,
sadness:0.13,0.12,0.13,0.11,
surprise:0.00,0.00,0.00,0.00,

ldbn_2lys_625_250_100_rdbn_2lys_625_250_100_t50
active_h
anger:0.16,0.13,0.10,0.10,
contempt:0.00,0.00,0.00,0.00,
disgust:0.00,0.00,0.00,0.00,
fear:0.00,0.00,0.00,0.00,
happy:0.61,0.69,0.76,0.71,
sadness:0.23,0.17,0.14,0.19,
surprise:0.00,0.00,0.00,0.00,
v_noisy_active_h
anger:0.16,0.14,0.14,0.12,
contempt:0.00,0.00,0.00,0.00,
disgust:0.00,0.00,0.00,0.00,
fear:0.00,0.00,0.00,0.00,
happy:0.61,0.67,0.71,0.67,
sadness:0.23,0.19,0.15,0.21,
surprise:0.00,0.00,0.00,0.00,
zero
anger:0.16,0.17,0.10,0.11,
contempt:0.00,0.00,0.00,0.00,
disgust:0.00,0.00,0.00,0.00,
fear:0.00,0.00,0.00,0.00,
happy:0.61,0.67,0.74,0.71,
sadness:0.23,0.16,0.16,0.18,
surprise:0.00,0.00,0.00,0.00,
binomial0.1
anger:0.16,0.16,0.12,0.12,
contempt:0.00,0.00,0.00,0.00,
disgust:0.00,0.00,0.00,0.00,
fear:0.00,0.00,0.00,0.00,
happy:0.61,0.68,0.71,0.70,
sadness:0.23,0.17,0.17,0.18,
surprise:0.00,0.00,0.00,0.00,

ldbn_2lys_625_250_100_rdbn_2lys_625_250_100_t100
active_h
anger:0.16,0.13,0.14,0.15,
contempt:0.00,0.00,0.00,0.00,
disgust:0.00,0.00,0.00,0.00,
fear:0.00,0.00,0.00,0.00,
happy:0.61,0.70,0.72,0.65,
sadness:0.23,0.17,0.14,0.20,
surprise:0.00,0.00,0.00,0.00,
v_noisy_active_h
anger:0.16,0.13,0.12,0.15,
contempt:0.00,0.00,0.00,0.00,
disgust:0.00,0.00,0.00,0.00,
fear:0.00,0.00,0.00,0.00,
happy:0.61,0.70,0.71,0.65,
sadness:0.23,0.17,0.17,0.19,
surprise:0.00,0.00,0.00,0.00,
zero
anger:0.16,0.15,0.14,0.14,
contempt:0.00,0.00,0.00,0.00,
disgust:0.00,0.00,0.00,0.00,
fear:0.00,0.00,0.00,0.00,
happy:0.61,0.66,0.72,0.66,
sadness:0.23,0.19,0.14,0.19,
surprise:0.00,0.00,0.00,0.00,
binomial0.1
anger:0.16,0.15,0.11,0.17,
contempt:0.00,0.00,0.00,0.00,
disgust:0.00,0.00,0.00,0.00,
fear:0.00,0.00,0.00,0.00,
happy:0.61,0.67,0.74,0.65,
sadness:0.23,0.18,0.15,0.18,
surprise:0.00,0.00,0.00,0.00,

ldbn_2lys_625_250_100_rdbn_2lys_625_250_100_t50
active_h
anger:0.20,0.11,0.17,0.21,
contempt:0.00,0.00,0.00,0.00,
disgust:0.00,0.00,0.00,0.00,
fear:0.00,0.00,0.00,0.00,
happy:0.61,0.70,0.69,0.62,
sadness:0.19,0.20,0.15,0.17,
surprise:0.00,0.00,0.00,0.00,
v_noisy_active_h
anger:0.20,0.11,0.18,0.22,
contempt:0.00,0.00,0.00,0.00,
disgust:0.00,0.00,0.00,0.00,
fear:0.00,0.00,0.00,0.00,
happy:0.61,0.70,0.64,0.61,
sadness:0.19,0.19,0.18,0.16,
surprise:0.00,0.00,0.00,0.00,
zero
anger:0.20,0.11,0.18,0.21,
contempt:0.00,0.00,0.00,0.00,
disgust:0.00,0.00,0.00,0.00,
fear:0.00,0.00,0.00,0.00,
happy:0.61,0.65,0.66,0.59,
sadness:0.19,0.24,0.16,0.20,
surprise:0.00,0.00,0.00,0.00,
binomial0.1
anger:0.20,0.10,0.20,0.21,
contempt:0.00,0.00,0.00,0.00,
disgust:0.00,0.00,0.00,0.00,
fear:0.00,0.00,0.00,0.00,
happy:0.61,0.70,0.66,0.62,
sadness:0.19,0.20,0.14,0.17,
surprise:0.00,0.00,0.00,0.00,

ldbn_2lys_625_250_100_rdbn_2lys_625_250_100_t100
active_h
anger:0.21,0.13,0.20,0.16,
contempt:0.00,0.00,0.00,0.00,
disgust:0.00,0.00,0.00,0.00,
fear:0.00,0.00,0.00,0.00,
happy:0.60,0.66,0.61,0.64,
sadness:0.19,0.21,0.18,0.20,
surprise:0.00,0.00,0.00,0.00,
v_noisy_active_h
anger:0.21,0.12,0.19,0.18,
contempt:0.00,0.00,0.00,0.00,
disgust:0.00,0.00,0.00,0.00,
fear:0.00,0.00,0.00,0.00,
happy:0.60,0.68,0.61,0.63,
sadness:0.19,0.20,0.20,0.19,
surprise:0.00,0.00,0.00,0.00,
zero
anger:0.21,0.11,0.18,0.15,
contempt:0.00,0.00,0.00,0.00,
disgust:0.00,0.00,0.00,0.00,
fear:0.00,0.00,0.00,0.00,
happy:0.60,0.69,0.64,0.65,
sadness:0.19,0.19,0.17,0.20,
surprise:0.00,0.00,0.00,0.00,
binomial0.1
anger:0.21,0.09,0.19,0.18,
contempt:0.00,0.00,0.00,0.00,
disgust:0.00,0.00,0.00,0.00,
fear:0.00,0.00,0.00,0.00,
happy:0.60,0.71,0.65,0.65,
sadness:0.19,0.20,0.16,0.17,
surprise:0.00,0.00,0.00,0.00,

ldbn_2lys_625_250_100_rdbn_2lys_625_250_100_t50
active_h
anger:0.18,0.16,0.13,0.15,
contempt:0.00,0.00,0.00,0.00,
disgust:0.00,0.00,0.00,0.00,
fear:0.00,0.00,0.00,0.00,
happy:0.69,0.77,0.74,0.78,
sadness:0.13,0.07,0.13,0.08,
surprise:0.00,0.00,0.00,0.00,
v_noisy_active_h
anger:0.18,0.14,0.12,0.11,
contempt:0.00,0.00,0.00,0.00,
disgust:0.00,0.00,0.00,0.00,
fear:0.00,0.00,0.00,0.00,
happy:0.69,0.77,0.77,0.78,
sadness:0.13,0.08,0.11,0.10,
surprise:0.00,0.00,0.00,0.00,
zero
anger:0.18,0.20,0.17,0.15,
contempt:0.00,0.00,0.00,0.00,
disgust:0.00,0.00,0.00,0.00,
fear:0.00,0.00,0.00,0.00,
happy:0.69,0.57,0.55,0.62,
sadness:0.13,0.23,0.28,0.23,
surprise:0.00,0.00,0.00,0.00,
binomial0.1
anger:0.18,0.11,0.13,0.10,
contempt:0.00,0.00,0.00,0.00,
disgust:0.00,0.00,0.00,0.00,
fear:0.00,0.00,0.00,0.00,
happy:0.69,0.79,0.74,0.79,
sadness:0.13,0.10,0.13,0.11,
surprise:0.00,0.00,0.00,0.00,

ldbn_2lys_625_250_100_rdbn_2lys_625_250_100_t100
active_h
anger:0.15,0.11,0.17,0.10,
contempt:0.00,0.00,0.00,0.00,
disgust:0.00,0.00,0.00,0.00,
fear:0.00,0.00,0.00,0.00,
happy:0.72,0.82,0.76,0.79,
sadness:0.12,0.07,0.08,0.11,
surprise:0.00,0.00,0.00,0.00,
v_noisy_active_h
anger:0.15,0.14,0.14,0.09,
contempt:0.00,0.00,0.00,0.00,
disgust:0.00,0.00,0.00,0.00,
fear:0.00,0.00,0.00,0.00,
happy:0.72,0.78,0.81,0.81,
sadness:0.12,0.08,0.05,0.10,
surprise:0.00,0.00,0.00,0.00,
zero
anger:0.15,0.16,0.16,0.16,
contempt:0.00,0.00,0.00,0.00,
disgust:0.00,0.00,0.00,0.00,
fear:0.00,0.00,0.00,0.00,
happy:0.72,0.62,0.62,0.63,
sadness:0.12,0.23,0.21,0.21,
surprise:0.00,0.00,0.00,0.00,
binomial0.1
anger:0.15,0.12,0.10,0.09,
contempt:0.00,0.00,0.00,0.00,
disgust:0.00,0.00,0.00,0.00,
fear:0.00,0.00,0.00,0.00,
happy:0.72,0.78,0.81,0.80,
sadness:0.12,0.10,0.09,0.11,
surprise:0.00,0.00,0.00,0.00,

ldbn_2lys_625_250_100_rdbn_2lys_625_250_100_t50
active_h
anger:0.23,0.16,0.14,0.15,
contempt:0.00,0.00,0.00,0.00,
disgust:0.00,0.00,0.00,0.00,
fear:0.00,0.00,0.00,0.00,
happy:0.57,0.59,0.69,0.67,
sadness:0.20,0.26,0.17,0.18,
surprise:0.00,0.00,0.00,0.00,
v_noisy_active_h
anger:0.23,0.17,0.16,0.17,
contempt:0.00,0.00,0.00,0.00,
disgust:0.00,0.00,0.00,0.00,
fear:0.00,0.00,0.00,0.00,
happy:0.57,0.61,0.67,0.64,
sadness:0.20,0.22,0.17,0.18,
surprise:0.00,0.00,0.00,0.00,
zero
anger:0.23,0.19,0.19,0.17,
contempt:0.00,0.00,0.00,0.00,
disgust:0.00,0.00,0.00,0.00,
fear:0.00,0.00,0.00,0.00,
happy:0.57,0.58,0.66,0.67,
sadness:0.20,0.23,0.16,0.16,
surprise:0.00,0.00,0.00,0.00,
binomial0.1
anger:0.23,0.18,0.15,0.16,
contempt:0.00,0.00,0.00,0.00,
disgust:0.00,0.00,0.00,0.00,
fear:0.00,0.00,0.00,0.00,
happy:0.57,0.57,0.68,0.66,
sadness:0.20,0.25,0.17,0.18,
surprise:0.00,0.00,0.00,0.00,

ldbn_2lys_625_250_100_rdbn_2lys_625_250_100_t100
active_h
anger:0.24,0.18,0.20,0.14,
contempt:0.00,0.00,0.00,0.00,
disgust:0.00,0.00,0.00,0.00,
fear:0.00,0.00,0.00,0.00,
happy:0.56,0.59,0.61,0.71,
sadness:0.20,0.23,0.20,0.15,
surprise:0.00,0.00,0.00,0.00,
v_noisy_active_h
anger:0.24,0.19,0.17,0.17,
contempt:0.00,0.00,0.00,0.00,
disgust:0.00,0.00,0.00,0.00,
fear:0.00,0.00,0.00,0.00,
happy:0.56,0.58,0.63,0.64,
sadness:0.20,0.23,0.20,0.19,
surprise:0.00,0.00,0.00,0.00,
zero
anger:0.24,0.19,0.16,0.15,
contempt:0.00,0.00,0.00,0.00,
disgust:0.00,0.00,0.00,0.00,
fear:0.00,0.00,0.00,0.00,
happy:0.56,0.55,0.67,0.69,
sadness:0.20,0.26,0.18,0.15,
surprise:0.00,0.00,0.00,0.00,
binomial0.1
anger:0.24,0.20,0.19,0.15,
contempt:0.00,0.00,0.00,0.00,
disgust:0.00,0.00,0.00,0.00,
fear:0.00,0.00,0.00,0.00,
happy:0.56,0.56,0.63,0.68,
sadness:0.20,0.24,0.18,0.17,
surprise:0.00,0.00,0.00,0.00,

ldbn_2lys_625_250_100_rdbn_2lys_625_250_100_t50
active_h
anger:0.09,0.12,0.12,0.20,
contempt:0.00,0.00,0.00,0.00,
disgust:0.00,0.00,0.00,0.00,
fear:0.00,0.00,0.00,0.00,
happy:0.74,0.66,0.69,0.57,
sadness:0.17,0.22,0.18,0.23,
surprise:0.00,0.00,0.00,0.00,
v_noisy_active_h
anger:0.09,0.14,0.13,0.18,
contempt:0.00,0.00,0.00,0.00,
disgust:0.00,0.00,0.00,0.00,
fear:0.00,0.00,0.00,0.00,
happy:0.74,0.66,0.68,0.55,
sadness:0.17,0.20,0.19,0.27,
surprise:0.00,0.00,0.00,0.00,
zero
anger:0.09,0.11,0.13,0.20,
contempt:0.00,0.00,0.00,0.00,
disgust:0.00,0.00,0.00,0.00,
fear:0.00,0.00,0.00,0.00,
happy:0.74,0.68,0.67,0.57,
sadness:0.17,0.21,0.20,0.23,
surprise:0.00,0.00,0.00,0.00,
binomial0.1
anger:0.09,0.15,0.14,0.16,
contempt:0.00,0.00,0.00,0.00,
disgust:0.00,0.00,0.00,0.00,
fear:0.00,0.00,0.00,0.00,
happy:0.74,0.62,0.65,0.59,
sadness:0.17,0.23,0.22,0.25,
surprise:0.00,0.00,0.00,0.00,

ldbn_2lys_625_250_100_rdbn_2lys_625_250_100_t100
active_h
anger:0.09,0.13,0.14,0.22,
contempt:0.00,0.00,0.00,0.00,
disgust:0.00,0.00,0.00,0.00,
fear:0.00,0.00,0.00,0.00,
happy:0.75,0.65,0.74,0.55,
sadness:0.16,0.22,0.12,0.24,
surprise:0.00,0.00,0.00,0.00,
v_noisy_active_h
anger:0.09,0.13,0.16,0.18,
contempt:0.00,0.00,0.00,0.00,
disgust:0.00,0.00,0.00,0.00,
fear:0.00,0.00,0.00,0.00,
happy:0.75,0.66,0.69,0.57,
sadness:0.16,0.21,0.15,0.25,
surprise:0.00,0.00,0.00,0.00,
zero
anger:0.09,0.13,0.15,0.20,
contempt:0.00,0.00,0.00,0.00,
disgust:0.00,0.00,0.00,0.00,
fear:0.00,0.00,0.00,0.00,
happy:0.75,0.68,0.71,0.56,
sadness:0.16,0.19,0.14,0.24,
surprise:0.00,0.00,0.00,0.00,
binomial0.1
anger:0.09,0.13,0.17,0.19,
contempt:0.00,0.00,0.00,0.00,
disgust:0.00,0.00,0.00,0.00,
fear:0.00,0.00,0.00,0.00,
happy:0.75,0.66,0.68,0.55,
sadness:0.16,0.21,0.15,0.26,
surprise:0.00,0.00,0.00,0.00,

ldbn_2lys_625_250_100_rdbn_2lys_625_250_100_t50
active_h
anger:0.24,0.12,0.13,0.10,
contempt:0.00,0.00,0.00,0.00,
disgust:0.00,0.00,0.00,0.00,
fear:0.00,0.00,0.00,0.00,
happy:0.64,0.72,0.75,0.82,
sadness:0.12,0.16,0.12,0.08,
surprise:0.00,0.00,0.00,0.00,
v_noisy_active_h
anger:0.24,0.13,0.12,0.10,
contempt:0.00,0.00,0.00,0.00,
disgust:0.00,0.00,0.00,0.00,
fear:0.00,0.00,0.00,0.00,
happy:0.64,0.75,0.78,0.82,
sadness:0.12,0.12,0.10,0.09,
surprise:0.00,0.00,0.00,0.00,
zero
anger:0.24,0.16,0.17,0.15,
contempt:0.00,0.00,0.00,0.00,
disgust:0.00,0.00,0.00,0.00,
fear:0.00,0.00,0.00,0.00,
happy:0.64,0.63,0.62,0.65,
sadness:0.12,0.21,0.21,0.19,
surprise:0.00,0.00,0.00,0.00,
binomial0.1
anger:0.24,0.14,0.12,0.10,
contempt:0.00,0.00,0.00,0.00,
disgust:0.00,0.00,0.00,0.00,
fear:0.00,0.00,0.00,0.00,
happy:0.64,0.73,0.78,0.82,
sadness:0.12,0.13,0.10,0.08,
surprise:0.00,0.00,0.00,0.00,

ldbn_2lys_625_250_100_rdbn_2lys_625_250_100_t100
active_h
anger:0.16,0.10,0.09,0.08,
contempt:0.00,0.00,0.00,0.00,
disgust:0.00,0.00,0.00,0.00,
fear:0.00,0.00,0.00,0.00,
happy:0.71,0.82,0.84,0.89,
sadness:0.12,0.08,0.07,0.04,
surprise:0.00,0.00,0.00,0.00,
v_noisy_active_h
anger:0.16,0.10,0.09,0.10,
contempt:0.00,0.00,0.00,0.00,
disgust:0.00,0.00,0.00,0.00,
fear:0.00,0.00,0.00,0.00,
happy:0.71,0.80,0.84,0.84,
sadness:0.12,0.10,0.07,0.05,
surprise:0.00,0.00,0.00,0.00,
zero
anger:0.16,0.19,0.19,0.16,
contempt:0.00,0.00,0.00,0.00,
disgust:0.00,0.00,0.00,0.00,
fear:0.00,0.00,0.00,0.00,
happy:0.71,0.56,0.60,0.60,
sadness:0.12,0.25,0.21,0.23,
surprise:0.00,0.00,0.00,0.00,
binomial0.1
anger:0.16,0.14,0.12,0.11,
contempt:0.00,0.00,0.00,0.00,
disgust:0.00,0.00,0.00,0.00,
fear:0.00,0.00,0.00,0.00,
happy:0.71,0.73,0.80,0.79,
sadness:0.12,0.14,0.08,0.11,
surprise:0.00,0.00,0.00,0.00,

ldbn_2lys_625_250_100_rdbn_2lys_625_250_100_t50
active_h
anger:0.37,0.16,0.13,0.18,
contempt:0.00,0.00,0.00,0.00,
disgust:0.00,0.00,0.00,0.00,
fear:0.00,0.00,0.00,0.00,
happy:0.45,0.69,0.64,0.66,
sadness:0.18,0.15,0.22,0.17,
surprise:0.00,0.00,0.00,0.00,
v_noisy_active_h
anger:0.37,0.18,0.16,0.16,
contempt:0.00,0.00,0.00,0.00,
disgust:0.00,0.00,0.00,0.00,
fear:0.00,0.00,0.00,0.00,
happy:0.45,0.68,0.64,0.66,
sadness:0.18,0.14,0.21,0.18,
surprise:0.00,0.00,0.00,0.00,
zero
anger:0.37,0.17,0.15,0.17,
contempt:0.00,0.00,0.00,0.00,
disgust:0.00,0.00,0.00,0.00,
fear:0.00,0.00,0.00,0.00,
happy:0.45,0.69,0.64,0.66,
sadness:0.18,0.14,0.21,0.17,
surprise:0.00,0.00,0.00,0.00,
binomial0.1
anger:0.37,0.18,0.15,0.16,
contempt:0.00,0.00,0.00,0.00,
disgust:0.00,0.00,0.00,0.00,
fear:0.00,0.00,0.00,0.00,
happy:0.45,0.68,0.66,0.66,
sadness:0.18,0.14,0.19,0.18,
surprise:0.00,0.00,0.00,0.00,

ldbn_2lys_625_250_100_rdbn_2lys_625_250_100_t100
active_h
anger:0.33,0.18,0.18,0.14,
contempt:0.00,0.00,0.00,0.00,
disgust:0.00,0.00,0.00,0.00,
fear:0.00,0.00,0.00,0.00,
happy:0.49,0.67,0.61,0.68,
sadness:0.18,0.15,0.21,0.19,
surprise:0.00,0.00,0.00,0.00,
v_noisy_active_h
anger:0.33,0.17,0.17,0.13,
contempt:0.00,0.00,0.00,0.00,
disgust:0.00,0.00,0.00,0.00,
fear:0.00,0.00,0.00,0.00,
happy:0.49,0.70,0.60,0.67,
sadness:0.18,0.14,0.23,0.20,
surprise:0.00,0.00,0.00,0.00,
zero
anger:0.33,0.23,0.16,0.13,
contempt:0.00,0.00,0.00,0.00,
disgust:0.00,0.00,0.00,0.00,
fear:0.00,0.00,0.00,0.00,
happy:0.49,0.63,0.65,0.68,
sadness:0.18,0.14,0.20,0.19,
surprise:0.00,0.00,0.00,0.00,
binomial0.1
anger:0.33,0.18,0.17,0.14,
contempt:0.00,0.00,0.00,0.00,
disgust:0.00,0.00,0.00,0.00,
fear:0.00,0.00,0.00,0.00,
happy:0.49,0.67,0.61,0.66,
sadness:0.18,0.15,0.22,0.19,
surprise:0.00,0.00,0.00,0.00,

ldbn_2lys_625_250_100_rdbn_2lys_625_250_100_t50
active_h
anger:0.11,0.07,0.17,0.10,
contempt:0.00,0.00,0.00,0.00,
disgust:0.00,0.00,0.00,0.00,
fear:0.00,0.00,0.00,0.00,
happy:0.74,0.75,0.64,0.69,
sadness:0.15,0.18,0.19,0.21,
surprise:0.00,0.00,0.00,0.00,
v_noisy_active_h
anger:0.11,0.05,0.17,0.10,
contempt:0.00,0.00,0.00,0.00,
disgust:0.00,0.00,0.00,0.00,
fear:0.00,0.00,0.00,0.00,
happy:0.74,0.78,0.64,0.66,
sadness:0.15,0.17,0.19,0.24,
surprise:0.00,0.00,0.00,0.00,
zero
anger:0.11,0.08,0.14,0.11,
contempt:0.00,0.00,0.00,0.00,
disgust:0.00,0.00,0.00,0.00,
fear:0.00,0.00,0.00,0.00,
happy:0.74,0.75,0.64,0.67,
sadness:0.15,0.18,0.22,0.22,
surprise:0.00,0.00,0.00,0.00,
binomial0.1
anger:0.11,0.06,0.18,0.09,
contempt:0.00,0.00,0.00,0.00,
disgust:0.00,0.00,0.00,0.00,
fear:0.00,0.00,0.00,0.00,
happy:0.74,0.77,0.61,0.66,
sadness:0.15,0.17,0.21,0.24,
surprise:0.00,0.00,0.00,0.00,

ldbn_2lys_625_250_100_rdbn_2lys_625_250_100_t100
active_h
anger:0.09,0.07,0.16,0.08,
contempt:0.00,0.00,0.00,0.00,
disgust:0.00,0.00,0.00,0.00,
fear:0.00,0.00,0.00,0.00,
happy:0.78,0.76,0.67,0.72,
sadness:0.13,0.17,0.16,0.21,
surprise:0.00,0.00,0.00,0.00,
v_noisy_active_h
anger:0.09,0.07,0.16,0.06,
contempt:0.00,0.00,0.00,0.00,
disgust:0.00,0.00,0.00,0.00,
fear:0.00,0.00,0.00,0.00,
happy:0.78,0.75,0.67,0.75,
sadness:0.13,0.18,0.17,0.18,
surprise:0.00,0.00,0.00,0.00,
zero
anger:0.09,0.07,0.17,0.08,
contempt:0.00,0.00,0.00,0.00,
disgust:0.00,0.00,0.00,0.00,
fear:0.00,0.00,0.00,0.00,
happy:0.78,0.77,0.65,0.70,
sadness:0.13,0.16,0.18,0.21,
surprise:0.00,0.00,0.00,0.00,
binomial0.1
anger:0.09,0.07,0.18,0.07,
contempt:0.00,0.00,0.00,0.00,
disgust:0.00,0.00,0.00,0.00,
fear:0.00,0.00,0.00,0.00,
happy:0.78,0.75,0.62,0.74,
sadness:0.13,0.19,0.20,0.19,
surprise:0.00,0.00,0.00,0.00,

ldbn_2lys_625_250_100_rdbn_2lys_625_250_100_t50
active_h
anger:0.19,0.12,0.16,0.09,
contempt:0.00,0.00,0.00,0.00,
disgust:0.00,0.00,0.00,0.00,
fear:0.00,0.00,0.00,0.00,
happy:0.68,0.72,0.71,0.78,
sadness:0.13,0.16,0.13,0.13,
surprise:0.00,0.00,0.00,0.00,
v_noisy_active_h
anger:0.19,0.10,0.12,0.08,
contempt:0.00,0.00,0.00,0.00,
disgust:0.00,0.00,0.00,0.00,
fear:0.00,0.00,0.00,0.00,
happy:0.68,0.77,0.75,0.81,
sadness:0.13,0.13,0.13,0.11,
surprise:0.00,0.00,0.00,0.00,
zero
anger:0.19,0.17,0.17,0.20,
contempt:0.00,0.00,0.00,0.00,
disgust:0.00,0.00,0.00,0.00,
fear:0.00,0.00,0.00,0.00,
happy:0.68,0.60,0.60,0.60,
sadness:0.13,0.23,0.22,0.20,
surprise:0.00,0.00,0.00,0.00,
binomial0.1
anger:0.19,0.13,0.14,0.11,
contempt:0.00,0.00,0.00,0.00,
disgust:0.00,0.00,0.00,0.00,
fear:0.00,0.00,0.00,0.00,
happy:0.68,0.76,0.75,0.80,
sadness:0.13,0.11,0.12,0.09,
surprise:0.00,0.00,0.00,0.00,

ldbn_2lys_625_250_100_rdbn_2lys_625_250_100_t100
active_h
anger:0.18,0.11,0.11,0.05,
contempt:0.00,0.00,0.00,0.00,
disgust:0.00,0.00,0.00,0.00,
fear:0.00,0.00,0.00,0.00,
happy:0.71,0.81,0.80,0.88,
sadness:0.11,0.08,0.09,0.07,
surprise:0.00,0.00,0.00,0.00,
v_noisy_active_h
anger:0.18,0.11,0.11,0.08,
contempt:0.00,0.00,0.00,0.00,
disgust:0.00,0.00,0.00,0.00,
fear:0.00,0.00,0.00,0.00,
happy:0.71,0.80,0.80,0.85,
sadness:0.11,0.09,0.09,0.07,
surprise:0.00,0.00,0.00,0.00,
zero
anger:0.18,0.20,0.20,0.17,
contempt:0.00,0.00,0.00,0.00,
disgust:0.00,0.00,0.00,0.00,
fear:0.00,0.00,0.00,0.00,
happy:0.71,0.57,0.53,0.56,
sadness:0.11,0.24,0.27,0.27,
surprise:0.00,0.00,0.00,0.00,
binomial0.1
anger:0.18,0.12,0.12,0.10,
contempt:0.00,0.00,0.00,0.00,
disgust:0.00,0.00,0.00,0.00,
fear:0.00,0.00,0.00,0.00,
happy:0.71,0.80,0.74,0.80,
sadness:0.11,0.09,0.14,0.10,
surprise:0.00,0.00,0.00,0.00,

ldbn_2lys_625_250_100_rdbn_2lys_625_250_100_t50
active_h
anger:0.25,0.19,0.20,0.17,
contempt:0.00,0.00,0.00,0.00,
disgust:0.00,0.00,0.00,0.00,
fear:0.00,0.00,0.00,0.00,
happy:0.48,0.62,0.63,0.65,
sadness:0.26,0.19,0.17,0.17,
surprise:0.00,0.00,0.00,0.00,
v_noisy_active_h
anger:0.25,0.17,0.20,0.21,
contempt:0.00,0.00,0.00,0.00,
disgust:0.00,0.00,0.00,0.00,
fear:0.00,0.00,0.00,0.00,
happy:0.48,0.63,0.63,0.62,
sadness:0.26,0.20,0.17,0.18,
surprise:0.00,0.00,0.00,0.00,
zero
anger:0.25,0.18,0.19,0.22,
contempt:0.00,0.00,0.00,0.00,
disgust:0.00,0.00,0.00,0.00,
fear:0.00,0.00,0.00,0.00,
happy:0.48,0.64,0.63,0.60,
sadness:0.26,0.18,0.18,0.18,
surprise:0.00,0.00,0.00,0.00,
binomial0.1
anger:0.25,0.15,0.19,0.19,
contempt:0.00,0.00,0.00,0.00,
disgust:0.00,0.00,0.00,0.00,
fear:0.00,0.00,0.00,0.00,
happy:0.48,0.63,0.62,0.64,
sadness:0.26,0.22,0.19,0.17,
surprise:0.00,0.00,0.00,0.00,

ldbn_2lys_625_250_100_rdbn_2lys_625_250_100_t100
active_h
anger:0.23,0.18,0.19,0.17,
contempt:0.00,0.00,0.00,0.00,
disgust:0.00,0.00,0.00,0.00,
fear:0.00,0.00,0.00,0.00,
happy:0.50,0.64,0.63,0.63,
sadness:0.27,0.18,0.18,0.19,
surprise:0.00,0.00,0.00,0.00,
v_noisy_active_h
anger:0.23,0.18,0.18,0.21,
contempt:0.00,0.00,0.00,0.00,
disgust:0.00,0.00,0.00,0.00,
fear:0.00,0.00,0.00,0.00,
happy:0.50,0.65,0.62,0.59,
sadness:0.27,0.17,0.20,0.19,
surprise:0.00,0.00,0.00,0.00,
zero
anger:0.23,0.18,0.19,0.20,
contempt:0.00,0.00,0.00,0.00,
disgust:0.00,0.00,0.00,0.00,
fear:0.00,0.00,0.00,0.00,
happy:0.50,0.64,0.65,0.61,
sadness:0.27,0.18,0.17,0.18,
surprise:0.00,0.00,0.00,0.00,
binomial0.1
anger:0.23,0.18,0.17,0.20,
contempt:0.00,0.00,0.00,0.00,
disgust:0.00,0.00,0.00,0.00,
fear:0.00,0.00,0.00,0.00,
happy:0.50,0.64,0.65,0.59,
sadness:0.27,0.18,0.18,0.21,
surprise:0.00,0.00,0.00,0.00,

ldbn_2lys_625_250_100_rdbn_2lys_625_250_100_t50
active_h
anger:0.06,0.10,0.07,0.07,
contempt:0.00,0.00,0.00,0.00,
disgust:0.00,0.00,0.00,0.00,
fear:0.00,0.00,0.00,0.00,
happy:0.79,0.87,0.81,0.84,
sadness:0.15,0.03,0.11,0.09,
surprise:0.00,0.00,0.00,0.00,
v_noisy_active_h
anger:0.06,0.10,0.09,0.09,
contempt:0.00,0.00,0.00,0.00,
disgust:0.00,0.00,0.00,0.00,
fear:0.00,0.00,0.00,0.00,
happy:0.79,0.88,0.78,0.81,
sadness:0.15,0.02,0.13,0.10,
surprise:0.00,0.00,0.00,0.00,
zero
anger:0.06,0.10,0.11,0.08,
contempt:0.00,0.00,0.00,0.00,
disgust:0.00,0.00,0.00,0.00,
fear:0.00,0.00,0.00,0.00,
happy:0.79,0.88,0.78,0.82,
sadness:0.15,0.02,0.11,0.10,
surprise:0.00,0.00,0.00,0.00,
binomial0.1
anger:0.06,0.09,0.09,0.08,
contempt:0.00,0.00,0.00,0.00,
disgust:0.00,0.00,0.00,0.00,
fear:0.00,0.00,0.00,0.00,
happy:0.79,0.87,0.79,0.83,
sadness:0.15,0.04,0.12,0.10,
surprise:0.00,0.00,0.00,0.00,

ldbn_2lys_625_250_100_rdbn_2lys_625_250_100_t100
active_h
anger:0.05,0.08,0.10,0.08,
contempt:0.00,0.00,0.00,0.00,
disgust:0.00,0.00,0.00,0.00,
fear:0.00,0.00,0.00,0.00,
happy:0.78,0.89,0.79,0.83,
sadness:0.17,0.03,0.12,0.09,
surprise:0.00,0.00,0.00,0.00,
v_noisy_active_h
anger:0.05,0.08,0.08,0.09,
contempt:0.00,0.00,0.00,0.00,
disgust:0.00,0.00,0.00,0.00,
fear:0.00,0.00,0.00,0.00,
happy:0.78,0.88,0.80,0.80,
sadness:0.17,0.04,0.11,0.11,
surprise:0.00,0.00,0.00,0.00,
zero
anger:0.05,0.08,0.10,0.10,
contempt:0.00,0.00,0.00,0.00,
disgust:0.00,0.00,0.00,0.00,
fear:0.00,0.00,0.00,0.00,
happy:0.78,0.89,0.78,0.78,
sadness:0.17,0.04,0.11,0.12,
surprise:0.00,0.00,0.00,0.00,
binomial0.1
anger:0.05,0.08,0.09,0.08,
contempt:0.00,0.00,0.00,0.00,
disgust:0.00,0.00,0.00,0.00,
fear:0.00,0.00,0.00,0.00,
happy:0.78,0.88,0.79,0.82,
sadness:0.17,0.04,0.13,0.11,
surprise:0.00,0.00,0.00,0.00,


