ExperimentADBN425
ldbn_2lys_625_250_100_rdbn_2lys_625_250_100_t50
active_h
anger:0.12,0.07,0.08,0.08,
contempt:0.00,0.00,0.00,0.00,
disgust:0.00,0.00,0.00,0.00,
fear:0.00,0.00,0.00,0.00,
happy:0.76,0.88,0.85,0.86,
sadness:0.12,0.05,0.07,0.06,
surprise:0.00,0.00,0.00,0.00,
v_noisy_active_h
anger:0.12,0.11,0.11,0.15,
contempt:0.00,0.00,0.00,0.00,
disgust:0.00,0.00,0.00,0.00,
fear:0.00,0.00,0.00,0.00,
happy:0.76,0.78,0.76,0.73,
sadness:0.12,0.11,0.13,0.12,
surprise:0.00,0.00,0.00,0.00,
zero
anger:0.12,0.16,0.17,0.18,
contempt:0.00,0.00,0.00,0.00,
disgust:0.00,0.00,0.00,0.00,
fear:0.00,0.00,0.00,0.00,
happy:0.76,0.48,0.46,0.44,
sadness:0.12,0.36,0.36,0.38,
surprise:0.00,0.00,0.00,0.00,
binomial0.1
anger:0.12,0.12,0.12,0.15,
contempt:0.00,0.00,0.00,0.00,
disgust:0.00,0.00,0.00,0.00,
fear:0.00,0.00,0.00,0.00,
happy:0.76,0.70,0.69,0.67,
sadness:0.12,0.18,0.20,0.18,
surprise:0.00,0.00,0.00,0.00,

ldbn_2lys_625_250_100_rdbn_2lys_625_250_100_t100
active_h
anger:0.09,0.05,0.06,0.04,
contempt:0.00,0.00,0.00,0.00,
disgust:0.00,0.00,0.00,0.00,
fear:0.00,0.00,0.00,0.00,
happy:0.73,0.82,0.77,0.70,
sadness:0.18,0.13,0.17,0.26,
surprise:0.00,0.00,0.00,0.00,
v_noisy_active_h
anger:0.09,0.11,0.11,0.10,
contempt:0.00,0.00,0.00,0.00,
disgust:0.00,0.00,0.00,0.00,
fear:0.00,0.00,0.00,0.00,
happy:0.73,0.72,0.71,0.70,
sadness:0.18,0.17,0.18,0.20,
surprise:0.00,0.00,0.00,0.00,
zero
anger:0.09,0.25,0.19,0.11,
contempt:0.00,0.00,0.00,0.00,
disgust:0.00,0.00,0.00,0.00,
fear:0.00,0.00,0.00,0.00,
happy:0.73,0.27,0.40,0.61,
sadness:0.18,0.47,0.41,0.28,
surprise:0.00,0.00,0.00,0.00,
binomial0.1
anger:0.09,0.14,0.12,0.10,
contempt:0.00,0.00,0.00,0.00,
disgust:0.00,0.00,0.00,0.00,
fear:0.00,0.00,0.00,0.00,
happy:0.73,0.66,0.74,0.72,
sadness:0.18,0.19,0.15,0.18,
surprise:0.00,0.00,0.00,0.00,

ldbn_2lys_625_250_100_rdbn_2lys_625_250_100_t250
active_h
anger:0.13,0.05,0.04,0.03,
contempt:0.00,0.00,0.00,0.00,
disgust:0.00,0.00,0.00,0.00,
fear:0.00,0.00,0.00,0.00,
happy:0.76,0.84,0.76,0.76,
sadness:0.11,0.12,0.20,0.21,
surprise:0.00,0.00,0.00,0.00,
v_noisy_active_h
anger:0.13,0.06,0.05,0.05,
contempt:0.00,0.00,0.00,0.00,
disgust:0.00,0.00,0.00,0.00,
fear:0.00,0.00,0.00,0.00,
happy:0.76,0.84,0.80,0.78,
sadness:0.11,0.11,0.15,0.17,
surprise:0.00,0.00,0.00,0.00,
zero
anger:0.13,0.30,0.26,0.19,
contempt:0.00,0.00,0.00,0.00,
disgust:0.00,0.00,0.00,0.00,
fear:0.00,0.00,0.00,0.00,
happy:0.76,0.45,0.42,0.62,
sadness:0.11,0.25,0.32,0.19,
surprise:0.00,0.00,0.00,0.00,
binomial0.1
anger:0.13,0.10,0.07,0.08,
contempt:0.00,0.00,0.00,0.00,
disgust:0.00,0.00,0.00,0.00,
fear:0.00,0.00,0.00,0.00,
happy:0.76,0.79,0.81,0.77,
sadness:0.11,0.12,0.12,0.15,
surprise:0.00,0.00,0.00,0.00,

ldbn_2lys_625_250_100_rdbn_2lys_625_250_100_t50
active_h
anger:0.16,0.10,0.13,0.15,
contempt:0.00,0.00,0.00,0.00,
disgust:0.00,0.00,0.00,0.00,
fear:0.00,0.00,0.00,0.00,
happy:0.74,0.72,0.67,0.73,
sadness:0.10,0.18,0.20,0.12,
surprise:0.00,0.00,0.00,0.00,
v_noisy_active_h
anger:0.16,0.11,0.14,0.13,
contempt:0.00,0.00,0.00,0.00,
disgust:0.00,0.00,0.00,0.00,
fear:0.00,0.00,0.00,0.00,
happy:0.74,0.73,0.66,0.75,
sadness:0.10,0.17,0.20,0.12,
surprise:0.00,0.00,0.00,0.00,
zero
anger:0.16,0.11,0.12,0.16,
contempt:0.00,0.00,0.00,0.00,
disgust:0.00,0.00,0.00,0.00,
fear:0.00,0.00,0.00,0.00,
happy:0.74,0.69,0.70,0.73,
sadness:0.10,0.21,0.18,0.12,
surprise:0.00,0.00,0.00,0.00,
binomial0.1
anger:0.16,0.12,0.15,0.12,
contempt:0.00,0.00,0.00,0.00,
disgust:0.00,0.00,0.00,0.00,
fear:0.00,0.00,0.00,0.00,
happy:0.74,0.73,0.66,0.77,
sadness:0.10,0.15,0.19,0.12,
surprise:0.00,0.00,0.00,0.00,

ldbn_2lys_625_250_100_rdbn_2lys_625_250_100_t100
active_h
anger:0.10,0.10,0.10,0.13,
contempt:0.00,0.00,0.00,0.00,
disgust:0.00,0.00,0.00,0.00,
fear:0.00,0.00,0.00,0.00,
happy:0.78,0.79,0.77,0.76,
sadness:0.12,0.11,0.13,0.11,
surprise:0.00,0.00,0.00,0.00,
v_noisy_active_h
anger:0.10,0.12,0.10,0.14,
contempt:0.00,0.00,0.00,0.00,
disgust:0.00,0.00,0.00,0.00,
fear:0.00,0.00,0.00,0.00,
happy:0.78,0.77,0.74,0.72,
sadness:0.12,0.11,0.16,0.13,
surprise:0.00,0.00,0.00,0.00,
zero
anger:0.10,0.13,0.11,0.15,
contempt:0.00,0.00,0.00,0.00,
disgust:0.00,0.00,0.00,0.00,
fear:0.00,0.00,0.00,0.00,
happy:0.78,0.76,0.74,0.71,
sadness:0.12,0.11,0.15,0.14,
surprise:0.00,0.00,0.00,0.00,
binomial0.1
anger:0.10,0.12,0.09,0.15,
contempt:0.00,0.00,0.00,0.00,
disgust:0.00,0.00,0.00,0.00,
fear:0.00,0.00,0.00,0.00,
happy:0.78,0.78,0.74,0.73,
sadness:0.12,0.09,0.16,0.12,
surprise:0.00,0.00,0.00,0.00,

ldbn_2lys_625_250_100_rdbn_2lys_625_250_100_t250
active_h
anger:0.10,0.11,0.10,0.20,
contempt:0.00,0.00,0.00,0.00,
disgust:0.00,0.00,0.00,0.00,
fear:0.00,0.00,0.00,0.00,
happy:0.73,0.72,0.73,0.65,
sadness:0.17,0.16,0.18,0.14,
surprise:0.00,0.00,0.00,0.00,
v_noisy_active_h
anger:0.10,0.15,0.11,0.18,
contempt:0.00,0.00,0.00,0.00,
disgust:0.00,0.00,0.00,0.00,
fear:0.00,0.00,0.00,0.00,
happy:0.73,0.70,0.70,0.65,
sadness:0.17,0.15,0.19,0.17,
surprise:0.00,0.00,0.00,0.00,
zero
anger:0.10,0.16,0.14,0.23,
contempt:0.00,0.00,0.00,0.00,
disgust:0.00,0.00,0.00,0.00,
fear:0.00,0.00,0.00,0.00,
happy:0.73,0.58,0.64,0.52,
sadness:0.17,0.25,0.21,0.25,
surprise:0.00,0.00,0.00,0.00,
binomial0.1
anger:0.10,0.13,0.11,0.18,
contempt:0.00,0.00,0.00,0.00,
disgust:0.00,0.00,0.00,0.00,
fear:0.00,0.00,0.00,0.00,
happy:0.73,0.68,0.68,0.65,
sadness:0.17,0.19,0.20,0.17,
surprise:0.00,0.00,0.00,0.00,

ldbn_2lys_625_250_100_rdbn_2lys_625_250_100_t50
active_h
anger:0.22,0.23,0.24,0.28,
contempt:0.00,0.00,0.00,0.00,
disgust:0.00,0.00,0.00,0.00,
fear:0.00,0.00,0.00,0.00,
happy:0.58,0.51,0.48,0.52,
sadness:0.21,0.26,0.28,0.20,
surprise:0.00,0.00,0.00,0.00,
v_noisy_active_h
anger:0.22,0.23,0.26,0.29,
contempt:0.00,0.00,0.00,0.00,
disgust:0.00,0.00,0.00,0.00,
fear:0.00,0.00,0.00,0.00,
happy:0.58,0.51,0.49,0.50,
sadness:0.21,0.27,0.25,0.21,
surprise:0.00,0.00,0.00,0.00,
zero
anger:0.22,0.21,0.26,0.24,
contempt:0.00,0.00,0.00,0.00,
disgust:0.00,0.00,0.00,0.00,
fear:0.00,0.00,0.00,0.00,
happy:0.58,0.52,0.48,0.55,
sadness:0.21,0.27,0.27,0.21,
surprise:0.00,0.00,0.00,0.00,
binomial0.1
anger:0.22,0.24,0.26,0.28,
contempt:0.00,0.00,0.00,0.00,
disgust:0.00,0.00,0.00,0.00,
fear:0.00,0.00,0.00,0.00,
happy:0.58,0.51,0.47,0.54,
sadness:0.21,0.25,0.26,0.18,
surprise:0.00,0.00,0.00,0.00,

ldbn_2lys_625_250_100_rdbn_2lys_625_250_100_t100
active_h
anger:0.22,0.23,0.26,0.28,
contempt:0.00,0.00,0.00,0.00,
disgust:0.00,0.00,0.00,0.00,
fear:0.00,0.00,0.00,0.00,
happy:0.58,0.49,0.50,0.50,
sadness:0.20,0.27,0.24,0.22,
surprise:0.00,0.00,0.00,0.00,
v_noisy_active_h
anger:0.22,0.24,0.26,0.28,
contempt:0.00,0.00,0.00,0.00,
disgust:0.00,0.00,0.00,0.00,
fear:0.00,0.00,0.00,0.00,
happy:0.58,0.50,0.49,0.51,
sadness:0.20,0.26,0.25,0.21,
surprise:0.00,0.00,0.00,0.00,
zero
anger:0.22,0.22,0.27,0.21,
contempt:0.00,0.00,0.00,0.00,
disgust:0.00,0.00,0.00,0.00,
fear:0.00,0.00,0.00,0.00,
happy:0.58,0.49,0.46,0.56,
sadness:0.20,0.29,0.26,0.23,
surprise:0.00,0.00,0.00,0.00,
binomial0.1
anger:0.22,0.22,0.29,0.28,
contempt:0.00,0.00,0.00,0.00,
disgust:0.00,0.00,0.00,0.00,
fear:0.00,0.00,0.00,0.00,
happy:0.58,0.53,0.48,0.51,
sadness:0.20,0.25,0.24,0.21,
surprise:0.00,0.00,0.00,0.00,

ldbn_2lys_625_250_100_rdbn_2lys_625_250_100_t250
active_h
anger:0.23,0.22,0.26,0.27,
contempt:0.00,0.00,0.00,0.00,
disgust:0.00,0.00,0.00,0.00,
fear:0.00,0.00,0.00,0.00,
happy:0.55,0.49,0.49,0.54,
sadness:0.22,0.29,0.25,0.20,
surprise:0.00,0.00,0.00,0.00,
v_noisy_active_h
anger:0.23,0.25,0.28,0.25,
contempt:0.00,0.00,0.00,0.00,
disgust:0.00,0.00,0.00,0.00,
fear:0.00,0.00,0.00,0.00,
happy:0.55,0.49,0.47,0.54,
sadness:0.22,0.27,0.25,0.21,
surprise:0.00,0.00,0.00,0.00,
zero
anger:0.23,0.24,0.25,0.24,
contempt:0.00,0.00,0.00,0.00,
disgust:0.00,0.00,0.00,0.00,
fear:0.00,0.00,0.00,0.00,
happy:0.55,0.48,0.48,0.56,
sadness:0.22,0.28,0.27,0.20,
surprise:0.00,0.00,0.00,0.00,
binomial0.1
anger:0.23,0.23,0.26,0.25,
contempt:0.00,0.00,0.00,0.00,
disgust:0.00,0.00,0.00,0.00,
fear:0.00,0.00,0.00,0.00,
happy:0.55,0.54,0.49,0.53,
sadness:0.22,0.23,0.25,0.22,
surprise:0.00,0.00,0.00,0.00,

ldbn_2lys_625_250_100_rdbn_2lys_625_250_100_t50
active_h
anger:0.21,0.11,0.17,0.16,
contempt:0.00,0.00,0.00,0.00,
disgust:0.00,0.00,0.00,0.00,
fear:0.00,0.00,0.00,0.00,
happy:0.63,0.76,0.73,0.74,
sadness:0.17,0.12,0.10,0.10,
surprise:0.00,0.00,0.00,0.00,
v_noisy_active_h
anger:0.21,0.17,0.19,0.16,
contempt:0.00,0.00,0.00,0.00,
disgust:0.00,0.00,0.00,0.00,
fear:0.00,0.00,0.00,0.00,
happy:0.63,0.69,0.69,0.72,
sadness:0.17,0.14,0.13,0.12,
surprise:0.00,0.00,0.00,0.00,
zero
anger:0.21,0.26,0.27,0.11,
contempt:0.00,0.00,0.00,0.00,
disgust:0.00,0.00,0.00,0.00,
fear:0.00,0.00,0.00,0.00,
happy:0.63,0.55,0.44,0.74,
sadness:0.17,0.18,0.28,0.16,
surprise:0.00,0.00,0.00,0.00,
binomial0.1
anger:0.21,0.20,0.20,0.17,
contempt:0.00,0.00,0.00,0.00,
disgust:0.00,0.00,0.00,0.00,
fear:0.00,0.00,0.00,0.00,
happy:0.63,0.65,0.61,0.68,
sadness:0.17,0.15,0.19,0.15,
surprise:0.00,0.00,0.00,0.00,

ldbn_2lys_625_250_100_rdbn_2lys_625_250_100_t100
active_h
anger:0.17,0.08,0.09,0.10,
contempt:0.00,0.00,0.00,0.00,
disgust:0.00,0.00,0.00,0.00,
fear:0.00,0.00,0.00,0.00,
happy:0.71,0.75,0.76,0.77,
sadness:0.11,0.17,0.16,0.13,
surprise:0.00,0.00,0.00,0.00,
v_noisy_active_h
anger:0.17,0.16,0.16,0.14,
contempt:0.00,0.00,0.00,0.00,
disgust:0.00,0.00,0.00,0.00,
fear:0.00,0.00,0.00,0.00,
happy:0.71,0.70,0.72,0.73,
sadness:0.11,0.14,0.13,0.13,
surprise:0.00,0.00,0.00,0.00,
zero
anger:0.17,0.27,0.22,0.29,
contempt:0.00,0.00,0.00,0.00,
disgust:0.00,0.00,0.00,0.00,
fear:0.00,0.00,0.00,0.00,
happy:0.71,0.38,0.44,0.40,
sadness:0.11,0.35,0.33,0.31,
surprise:0.00,0.00,0.00,0.00,
binomial0.1
anger:0.17,0.15,0.14,0.16,
contempt:0.00,0.00,0.00,0.00,
disgust:0.00,0.00,0.00,0.00,
fear:0.00,0.00,0.00,0.00,
happy:0.71,0.68,0.70,0.71,
sadness:0.11,0.17,0.17,0.13,
surprise:0.00,0.00,0.00,0.00,

ldbn_2lys_625_250_100_rdbn_2lys_625_250_100_t250
active_h
anger:0.11,0.12,0.08,0.04,
contempt:0.00,0.00,0.00,0.00,
disgust:0.00,0.00,0.00,0.00,
fear:0.00,0.00,0.00,0.00,
happy:0.77,0.77,0.85,0.89,
sadness:0.12,0.12,0.07,0.07,
surprise:0.00,0.00,0.00,0.00,
v_noisy_active_h
anger:0.11,0.13,0.10,0.09,
contempt:0.00,0.00,0.00,0.00,
disgust:0.00,0.00,0.00,0.00,
fear:0.00,0.00,0.00,0.00,
happy:0.77,0.80,0.81,0.85,
sadness:0.12,0.07,0.08,0.07,
surprise:0.00,0.00,0.00,0.00,
zero
anger:0.11,0.24,0.22,0.26,
contempt:0.00,0.00,0.00,0.00,
disgust:0.00,0.00,0.00,0.00,
fear:0.00,0.00,0.00,0.00,
happy:0.77,0.40,0.61,0.50,
sadness:0.12,0.36,0.17,0.24,
surprise:0.00,0.00,0.00,0.00,
binomial0.1
anger:0.11,0.16,0.11,0.14,
contempt:0.00,0.00,0.00,0.00,
disgust:0.00,0.00,0.00,0.00,
fear:0.00,0.00,0.00,0.00,
happy:0.77,0.73,0.77,0.74,
sadness:0.12,0.11,0.12,0.13,
surprise:0.00,0.00,0.00,0.00,

ldbn_2lys_625_250_100_rdbn_2lys_625_250_100_t50
active_h
anger:0.12,0.16,0.19,0.10,
contempt:0.00,0.00,0.00,0.00,
disgust:0.00,0.00,0.00,0.00,
fear:0.00,0.00,0.00,0.00,
happy:0.78,0.65,0.58,0.69,
sadness:0.10,0.20,0.22,0.21,
surprise:0.00,0.00,0.00,0.00,
v_noisy_active_h
anger:0.12,0.17,0.20,0.10,
contempt:0.00,0.00,0.00,0.00,
disgust:0.00,0.00,0.00,0.00,
fear:0.00,0.00,0.00,0.00,
happy:0.78,0.67,0.59,0.70,
sadness:0.10,0.16,0.21,0.20,
surprise:0.00,0.00,0.00,0.00,
zero
anger:0.12,0.17,0.20,0.09,
contempt:0.00,0.00,0.00,0.00,
disgust:0.00,0.00,0.00,0.00,
fear:0.00,0.00,0.00,0.00,
happy:0.78,0.68,0.62,0.72,
sadness:0.10,0.16,0.18,0.19,
surprise:0.00,0.00,0.00,0.00,
binomial0.1
anger:0.12,0.15,0.20,0.10,
contempt:0.00,0.00,0.00,0.00,
disgust:0.00,0.00,0.00,0.00,
fear:0.00,0.00,0.00,0.00,
happy:0.78,0.68,0.60,0.67,
sadness:0.10,0.17,0.19,0.23,
surprise:0.00,0.00,0.00,0.00,

ldbn_2lys_625_250_100_rdbn_2lys_625_250_100_t100
active_h
anger:0.16,0.13,0.17,0.15,
contempt:0.00,0.00,0.00,0.00,
disgust:0.00,0.00,0.00,0.00,
fear:0.00,0.00,0.00,0.00,
happy:0.73,0.69,0.63,0.69,
sadness:0.11,0.18,0.21,0.17,
surprise:0.00,0.00,0.00,0.00,
v_noisy_active_h
anger:0.16,0.17,0.21,0.16,
contempt:0.00,0.00,0.00,0.00,
disgust:0.00,0.00,0.00,0.00,
fear:0.00,0.00,0.00,0.00,
happy:0.73,0.68,0.59,0.65,
sadness:0.11,0.15,0.19,0.19,
surprise:0.00,0.00,0.00,0.00,
zero
anger:0.16,0.17,0.25,0.19,
contempt:0.00,0.00,0.00,0.00,
disgust:0.00,0.00,0.00,0.00,
fear:0.00,0.00,0.00,0.00,
happy:0.73,0.66,0.57,0.64,
sadness:0.11,0.17,0.18,0.17,
surprise:0.00,0.00,0.00,0.00,
binomial0.1
anger:0.16,0.15,0.19,0.16,
contempt:0.00,0.00,0.00,0.00,
disgust:0.00,0.00,0.00,0.00,
fear:0.00,0.00,0.00,0.00,
happy:0.73,0.70,0.61,0.66,
sadness:0.11,0.16,0.20,0.18,
surprise:0.00,0.00,0.00,0.00,

ldbn_2lys_625_250_100_rdbn_2lys_625_250_100_t250
active_h
anger:0.17,0.17,0.21,0.18,
contempt:0.00,0.00,0.00,0.00,
disgust:0.00,0.00,0.00,0.00,
fear:0.00,0.00,0.00,0.00,
happy:0.70,0.69,0.63,0.67,
sadness:0.13,0.14,0.16,0.15,
surprise:0.00,0.00,0.00,0.00,
v_noisy_active_h
anger:0.17,0.17,0.21,0.17,
contempt:0.00,0.00,0.00,0.00,
disgust:0.00,0.00,0.00,0.00,
fear:0.00,0.00,0.00,0.00,
happy:0.70,0.69,0.63,0.67,
sadness:0.13,0.15,0.16,0.16,
surprise:0.00,0.00,0.00,0.00,
zero
anger:0.17,0.21,0.26,0.26,
contempt:0.00,0.00,0.00,0.00,
disgust:0.00,0.00,0.00,0.00,
fear:0.00,0.00,0.00,0.00,
happy:0.70,0.56,0.50,0.47,
sadness:0.13,0.23,0.24,0.27,
surprise:0.00,0.00,0.00,0.00,
binomial0.1
anger:0.17,0.16,0.22,0.18,
contempt:0.00,0.00,0.00,0.00,
disgust:0.00,0.00,0.00,0.00,
fear:0.00,0.00,0.00,0.00,
happy:0.70,0.66,0.62,0.61,
sadness:0.13,0.18,0.16,0.21,
surprise:0.00,0.00,0.00,0.00,

ldbn_2lys_625_250_100_rdbn_2lys_625_250_100_t50
active_h
anger:0.26,0.23,0.32,0.25,
contempt:0.00,0.00,0.00,0.00,
disgust:0.00,0.00,0.00,0.00,
fear:0.00,0.00,0.00,0.00,
happy:0.50,0.41,0.40,0.54,
sadness:0.23,0.36,0.28,0.20,
surprise:0.00,0.00,0.00,0.00,
v_noisy_active_h
anger:0.26,0.22,0.34,0.26,
contempt:0.00,0.00,0.00,0.00,
disgust:0.00,0.00,0.00,0.00,
fear:0.00,0.00,0.00,0.00,
happy:0.50,0.42,0.37,0.56,
sadness:0.23,0.36,0.28,0.18,
surprise:0.00,0.00,0.00,0.00,
zero
anger:0.26,0.20,0.34,0.25,
contempt:0.00,0.00,0.00,0.00,
disgust:0.00,0.00,0.00,0.00,
fear:0.00,0.00,0.00,0.00,
happy:0.50,0.42,0.40,0.53,
sadness:0.23,0.38,0.26,0.22,
surprise:0.00,0.00,0.00,0.00,
binomial0.1
anger:0.26,0.23,0.36,0.22,
contempt:0.00,0.00,0.00,0.00,
disgust:0.00,0.00,0.00,0.00,
fear:0.00,0.00,0.00,0.00,
happy:0.50,0.43,0.37,0.60,
sadness:0.23,0.33,0.27,0.18,
surprise:0.00,0.00,0.00,0.00,

ldbn_2lys_625_250_100_rdbn_2lys_625_250_100_t100
active_h
anger:0.27,0.24,0.31,0.22,
contempt:0.00,0.00,0.00,0.00,
disgust:0.00,0.00,0.00,0.00,
fear:0.00,0.00,0.00,0.00,
happy:0.49,0.42,0.36,0.54,
sadness:0.23,0.34,0.33,0.24,
surprise:0.00,0.00,0.00,0.00,
v_noisy_active_h
anger:0.27,0.22,0.34,0.21,
contempt:0.00,0.00,0.00,0.00,
disgust:0.00,0.00,0.00,0.00,
fear:0.00,0.00,0.00,0.00,
happy:0.49,0.42,0.37,0.58,
sadness:0.23,0.36,0.28,0.22,
surprise:0.00,0.00,0.00,0.00,
zero
anger:0.27,0.22,0.33,0.24,
contempt:0.00,0.00,0.00,0.00,
disgust:0.00,0.00,0.00,0.00,
fear:0.00,0.00,0.00,0.00,
happy:0.49,0.41,0.36,0.56,
sadness:0.23,0.37,0.31,0.20,
surprise:0.00,0.00,0.00,0.00,
binomial0.1
anger:0.27,0.23,0.37,0.23,
contempt:0.00,0.00,0.00,0.00,
disgust:0.00,0.00,0.00,0.00,
fear:0.00,0.00,0.00,0.00,
happy:0.49,0.43,0.35,0.58,
sadness:0.23,0.34,0.28,0.19,
surprise:0.00,0.00,0.00,0.00,

ldbn_2lys_625_250_100_rdbn_2lys_625_250_100_t250
active_h
anger:0.26,0.22,0.34,0.22,
contempt:0.00,0.00,0.00,0.00,
disgust:0.00,0.00,0.00,0.00,
fear:0.00,0.00,0.00,0.00,
happy:0.49,0.45,0.38,0.56,
sadness:0.25,0.33,0.28,0.22,
surprise:0.00,0.00,0.00,0.00,
v_noisy_active_h
anger:0.26,0.23,0.34,0.24,
contempt:0.00,0.00,0.00,0.00,
disgust:0.00,0.00,0.00,0.00,
fear:0.00,0.00,0.00,0.00,
happy:0.49,0.43,0.40,0.54,
sadness:0.25,0.34,0.26,0.21,
surprise:0.00,0.00,0.00,0.00,
zero
anger:0.26,0.23,0.35,0.23,
contempt:0.00,0.00,0.00,0.00,
disgust:0.00,0.00,0.00,0.00,
fear:0.00,0.00,0.00,0.00,
happy:0.49,0.46,0.38,0.54,
sadness:0.25,0.32,0.27,0.23,
surprise:0.00,0.00,0.00,0.00,
binomial0.1
anger:0.26,0.21,0.38,0.23,
contempt:0.00,0.00,0.00,0.00,
disgust:0.00,0.00,0.00,0.00,
fear:0.00,0.00,0.00,0.00,
happy:0.49,0.46,0.38,0.54,
sadness:0.25,0.32,0.24,0.23,
surprise:0.00,0.00,0.00,0.00,

ldbn_2lys_625_250_100_rdbn_2lys_625_250_100_t50
active_h
anger:0.17,0.20,0.18,0.24,
contempt:0.00,0.00,0.00,0.00,
disgust:0.00,0.00,0.00,0.00,
fear:0.00,0.00,0.00,0.00,
happy:0.73,0.67,0.68,0.66,
sadness:0.10,0.13,0.13,0.10,
surprise:0.00,0.00,0.00,0.00,
v_noisy_active_h
anger:0.17,0.22,0.20,0.18,
contempt:0.00,0.00,0.00,0.00,
disgust:0.00,0.00,0.00,0.00,
fear:0.00,0.00,0.00,0.00,
happy:0.73,0.67,0.67,0.70,
sadness:0.10,0.10,0.13,0.12,
surprise:0.00,0.00,0.00,0.00,
zero
anger:0.17,0.32,0.15,0.10,
contempt:0.00,0.00,0.00,0.00,
disgust:0.00,0.00,0.00,0.00,
fear:0.00,0.00,0.00,0.00,
happy:0.73,0.45,0.54,0.55,
sadness:0.10,0.23,0.31,0.35,
surprise:0.00,0.00,0.00,0.00,
binomial0.1
anger:0.17,0.23,0.18,0.18,
contempt:0.00,0.00,0.00,0.00,
disgust:0.00,0.00,0.00,0.00,
fear:0.00,0.00,0.00,0.00,
happy:0.73,0.66,0.68,0.68,
sadness:0.10,0.11,0.14,0.15,
surprise:0.00,0.00,0.00,0.00,

ldbn_2lys_625_250_100_rdbn_2lys_625_250_100_t100
active_h
anger:0.10,0.16,0.11,0.05,
contempt:0.00,0.00,0.00,0.00,
disgust:0.00,0.00,0.00,0.00,
fear:0.00,0.00,0.00,0.00,
happy:0.80,0.77,0.84,0.90,
sadness:0.10,0.07,0.05,0.05,
surprise:0.00,0.00,0.00,0.00,
v_noisy_active_h
anger:0.10,0.15,0.13,0.15,
contempt:0.00,0.00,0.00,0.00,
disgust:0.00,0.00,0.00,0.00,
fear:0.00,0.00,0.00,0.00,
happy:0.80,0.72,0.70,0.73,
sadness:0.10,0.13,0.17,0.12,
surprise:0.00,0.00,0.00,0.00,
zero
anger:0.10,0.43,0.12,0.13,
contempt:0.00,0.00,0.00,0.00,
disgust:0.00,0.00,0.00,0.00,
fear:0.00,0.00,0.00,0.00,
happy:0.80,0.43,0.69,0.60,
sadness:0.10,0.14,0.19,0.27,
surprise:0.00,0.00,0.00,0.00,
binomial0.1
anger:0.10,0.20,0.17,0.18,
contempt:0.00,0.00,0.00,0.00,
disgust:0.00,0.00,0.00,0.00,
fear:0.00,0.00,0.00,0.00,
happy:0.80,0.66,0.70,0.70,
sadness:0.10,0.14,0.13,0.12,
surprise:0.00,0.00,0.00,0.00,

ldbn_2lys_625_250_100_rdbn_2lys_625_250_100_t250
active_h
anger:0.12,0.05,0.03,0.07,
contempt:0.00,0.00,0.00,0.00,
disgust:0.00,0.00,0.00,0.00,
fear:0.00,0.00,0.00,0.00,
happy:0.79,0.90,0.87,0.83,
sadness:0.09,0.05,0.10,0.10,
surprise:0.00,0.00,0.00,0.00,
v_noisy_active_h
anger:0.12,0.14,0.13,0.14,
contempt:0.00,0.00,0.00,0.00,
disgust:0.00,0.00,0.00,0.00,
fear:0.00,0.00,0.00,0.00,
happy:0.79,0.77,0.76,0.73,
sadness:0.09,0.10,0.11,0.13,
surprise:0.00,0.00,0.00,0.00,
zero
anger:0.12,0.21,0.15,0.08,
contempt:0.00,0.00,0.00,0.00,
disgust:0.00,0.00,0.00,0.00,
fear:0.00,0.00,0.00,0.00,
happy:0.79,0.63,0.65,0.63,
sadness:0.09,0.17,0.20,0.28,
surprise:0.00,0.00,0.00,0.00,
binomial0.1
anger:0.12,0.19,0.13,0.17,
contempt:0.00,0.00,0.00,0.00,
disgust:0.00,0.00,0.00,0.00,
fear:0.00,0.00,0.00,0.00,
happy:0.79,0.69,0.72,0.71,
sadness:0.09,0.13,0.15,0.12,
surprise:0.00,0.00,0.00,0.00,

ldbn_2lys_625_250_100_rdbn_2lys_625_250_100_t50
active_h
anger:0.17,0.16,0.23,0.20,
contempt:0.00,0.00,0.00,0.00,
disgust:0.00,0.00,0.00,0.00,
fear:0.00,0.00,0.00,0.00,
happy:0.69,0.56,0.57,0.53,
sadness:0.14,0.28,0.20,0.27,
surprise:0.00,0.00,0.00,0.00,
v_noisy_active_h
anger:0.17,0.16,0.22,0.20,
contempt:0.00,0.00,0.00,0.00,
disgust:0.00,0.00,0.00,0.00,
fear:0.00,0.00,0.00,0.00,
happy:0.69,0.55,0.57,0.50,
sadness:0.14,0.28,0.21,0.30,
surprise:0.00,0.00,0.00,0.00,
zero
anger:0.17,0.16,0.23,0.21,
contempt:0.00,0.00,0.00,0.00,
disgust:0.00,0.00,0.00,0.00,
fear:0.00,0.00,0.00,0.00,
happy:0.69,0.56,0.58,0.57,
sadness:0.14,0.29,0.19,0.22,
surprise:0.00,0.00,0.00,0.00,
binomial0.1
anger:0.17,0.16,0.21,0.19,
contempt:0.00,0.00,0.00,0.00,
disgust:0.00,0.00,0.00,0.00,
fear:0.00,0.00,0.00,0.00,
happy:0.69,0.55,0.58,0.55,
sadness:0.14,0.29,0.21,0.26,
surprise:0.00,0.00,0.00,0.00,

ldbn_2lys_625_250_100_rdbn_2lys_625_250_100_t100
active_h
anger:0.15,0.17,0.13,0.15,
contempt:0.00,0.00,0.00,0.00,
disgust:0.00,0.00,0.00,0.00,
fear:0.00,0.00,0.00,0.00,
happy:0.68,0.63,0.70,0.67,
sadness:0.17,0.20,0.17,0.18,
surprise:0.00,0.00,0.00,0.00,
v_noisy_active_h
anger:0.15,0.17,0.17,0.16,
contempt:0.00,0.00,0.00,0.00,
disgust:0.00,0.00,0.00,0.00,
fear:0.00,0.00,0.00,0.00,
happy:0.68,0.64,0.64,0.70,
sadness:0.17,0.19,0.20,0.15,
surprise:0.00,0.00,0.00,0.00,
zero
anger:0.15,0.17,0.12,0.12,
contempt:0.00,0.00,0.00,0.00,
disgust:0.00,0.00,0.00,0.00,
fear:0.00,0.00,0.00,0.00,
happy:0.68,0.64,0.69,0.73,
sadness:0.17,0.18,0.19,0.15,
surprise:0.00,0.00,0.00,0.00,
binomial0.1
anger:0.15,0.17,0.14,0.16,
contempt:0.00,0.00,0.00,0.00,
disgust:0.00,0.00,0.00,0.00,
fear:0.00,0.00,0.00,0.00,
happy:0.68,0.63,0.68,0.71,
sadness:0.17,0.20,0.18,0.13,
surprise:0.00,0.00,0.00,0.00,

ldbn_2lys_625_250_100_rdbn_2lys_625_250_100_t250
active_h
anger:0.17,0.14,0.16,0.12,
contempt:0.00,0.00,0.00,0.00,
disgust:0.00,0.00,0.00,0.00,
fear:0.00,0.00,0.00,0.00,
happy:0.71,0.72,0.68,0.75,
sadness:0.12,0.14,0.16,0.12,
surprise:0.00,0.00,0.00,0.00,
v_noisy_active_h
anger:0.17,0.15,0.14,0.12,
contempt:0.00,0.00,0.00,0.00,
disgust:0.00,0.00,0.00,0.00,
fear:0.00,0.00,0.00,0.00,
happy:0.71,0.72,0.69,0.73,
sadness:0.12,0.14,0.17,0.15,
surprise:0.00,0.00,0.00,0.00,
zero
anger:0.17,0.10,0.15,0.10,
contempt:0.00,0.00,0.00,0.00,
disgust:0.00,0.00,0.00,0.00,
fear:0.00,0.00,0.00,0.00,
happy:0.71,0.76,0.67,0.73,
sadness:0.12,0.14,0.18,0.16,
surprise:0.00,0.00,0.00,0.00,
binomial0.1
anger:0.17,0.16,0.15,0.14,
contempt:0.00,0.00,0.00,0.00,
disgust:0.00,0.00,0.00,0.00,
fear:0.00,0.00,0.00,0.00,
happy:0.71,0.71,0.68,0.71,
sadness:0.12,0.13,0.17,0.14,
surprise:0.00,0.00,0.00,0.00,

ldbn_2lys_625_250_100_rdbn_2lys_625_250_100_t50
active_h
anger:0.17,0.33,0.22,0.29,
contempt:0.00,0.00,0.00,0.00,
disgust:0.00,0.00,0.00,0.00,
fear:0.00,0.00,0.00,0.00,
happy:0.51,0.33,0.51,0.52,
sadness:0.32,0.34,0.27,0.18,
surprise:0.00,0.00,0.00,0.00,
v_noisy_active_h
anger:0.17,0.30,0.19,0.29,
contempt:0.00,0.00,0.00,0.00,
disgust:0.00,0.00,0.00,0.00,
fear:0.00,0.00,0.00,0.00,
happy:0.51,0.35,0.55,0.52,
sadness:0.32,0.34,0.27,0.19,
surprise:0.00,0.00,0.00,0.00,
zero
anger:0.17,0.29,0.21,0.28,
contempt:0.00,0.00,0.00,0.00,
disgust:0.00,0.00,0.00,0.00,
fear:0.00,0.00,0.00,0.00,
happy:0.51,0.38,0.53,0.54,
sadness:0.32,0.33,0.25,0.17,
surprise:0.00,0.00,0.00,0.00,
binomial0.1
anger:0.17,0.31,0.18,0.31,
contempt:0.00,0.00,0.00,0.00,
disgust:0.00,0.00,0.00,0.00,
fear:0.00,0.00,0.00,0.00,
happy:0.51,0.34,0.56,0.50,
sadness:0.32,0.35,0.25,0.20,
surprise:0.00,0.00,0.00,0.00,

ldbn_2lys_625_250_100_rdbn_2lys_625_250_100_t100
active_h
anger:0.17,0.28,0.28,0.37,
contempt:0.00,0.00,0.00,0.00,
disgust:0.00,0.00,0.00,0.00,
fear:0.00,0.00,0.00,0.00,
happy:0.49,0.39,0.52,0.45,
sadness:0.33,0.33,0.21,0.19,
surprise:0.00,0.00,0.00,0.00,
v_noisy_active_h
anger:0.17,0.31,0.27,0.35,
contempt:0.00,0.00,0.00,0.00,
disgust:0.00,0.00,0.00,0.00,
fear:0.00,0.00,0.00,0.00,
happy:0.49,0.34,0.51,0.48,
sadness:0.33,0.35,0.21,0.18,
surprise:0.00,0.00,0.00,0.00,
zero
anger:0.17,0.29,0.23,0.37,
contempt:0.00,0.00,0.00,0.00,
disgust:0.00,0.00,0.00,0.00,
fear:0.00,0.00,0.00,0.00,
happy:0.49,0.34,0.54,0.43,
sadness:0.33,0.37,0.23,0.19,
surprise:0.00,0.00,0.00,0.00,
binomial0.1
anger:0.17,0.30,0.24,0.33,
contempt:0.00,0.00,0.00,0.00,
disgust:0.00,0.00,0.00,0.00,
fear:0.00,0.00,0.00,0.00,
happy:0.49,0.37,0.57,0.49,
sadness:0.33,0.33,0.20,0.18,
surprise:0.00,0.00,0.00,0.00,

ldbn_2lys_625_250_100_rdbn_2lys_625_250_100_t250
active_h
anger:0.18,0.30,0.33,0.29,
contempt:0.00,0.00,0.00,0.00,
disgust:0.00,0.00,0.00,0.00,
fear:0.00,0.00,0.00,0.00,
happy:0.47,0.40,0.47,0.49,
sadness:0.35,0.31,0.20,0.22,
surprise:0.00,0.00,0.00,0.00,
v_noisy_active_h
anger:0.18,0.28,0.33,0.31,
contempt:0.00,0.00,0.00,0.00,
disgust:0.00,0.00,0.00,0.00,
fear:0.00,0.00,0.00,0.00,
happy:0.47,0.39,0.52,0.51,
sadness:0.35,0.33,0.16,0.19,
surprise:0.00,0.00,0.00,0.00,
zero
anger:0.18,0.28,0.33,0.32,
contempt:0.00,0.00,0.00,0.00,
disgust:0.00,0.00,0.00,0.00,
fear:0.00,0.00,0.00,0.00,
happy:0.47,0.40,0.49,0.46,
sadness:0.35,0.32,0.18,0.22,
surprise:0.00,0.00,0.00,0.00,
binomial0.1
anger:0.18,0.30,0.30,0.32,
contempt:0.00,0.00,0.00,0.00,
disgust:0.00,0.00,0.00,0.00,
fear:0.00,0.00,0.00,0.00,
happy:0.47,0.39,0.52,0.48,
sadness:0.35,0.30,0.17,0.21,
surprise:0.00,0.00,0.00,0.00,

ldbn_2lys_625_250_100_rdbn_2lys_625_250_100_t50
active_h
anger:0.19,0.19,0.18,0.23,
contempt:0.00,0.00,0.00,0.00,
disgust:0.00,0.00,0.00,0.00,
fear:0.00,0.00,0.00,0.00,
happy:0.57,0.59,0.59,0.64,
sadness:0.24,0.22,0.23,0.13,
surprise:0.00,0.00,0.00,0.00,
v_noisy_active_h
anger:0.19,0.19,0.20,0.28,
contempt:0.00,0.00,0.00,0.00,
disgust:0.00,0.00,0.00,0.00,
fear:0.00,0.00,0.00,0.00,
happy:0.57,0.59,0.61,0.58,
sadness:0.24,0.22,0.19,0.14,
surprise:0.00,0.00,0.00,0.00,
zero
anger:0.19,0.20,0.33,0.29,
contempt:0.00,0.00,0.00,0.00,
disgust:0.00,0.00,0.00,0.00,
fear:0.00,0.00,0.00,0.00,
happy:0.57,0.27,0.41,0.43,
sadness:0.24,0.53,0.27,0.28,
surprise:0.00,0.00,0.00,0.00,
binomial0.1
anger:0.19,0.20,0.21,0.25,
contempt:0.00,0.00,0.00,0.00,
disgust:0.00,0.00,0.00,0.00,
fear:0.00,0.00,0.00,0.00,
happy:0.57,0.61,0.60,0.61,
sadness:0.24,0.19,0.19,0.14,
surprise:0.00,0.00,0.00,0.00,

ldbn_2lys_625_250_100_rdbn_2lys_625_250_100_t100
active_h
anger:0.22,0.11,0.14,0.19,
contempt:0.00,0.00,0.00,0.00,
disgust:0.00,0.00,0.00,0.00,
fear:0.00,0.00,0.00,0.00,
happy:0.62,0.68,0.70,0.64,
sadness:0.16,0.21,0.15,0.17,
surprise:0.00,0.00,0.00,0.00,
v_noisy_active_h
anger:0.22,0.19,0.18,0.19,
contempt:0.00,0.00,0.00,0.00,
disgust:0.00,0.00,0.00,0.00,
fear:0.00,0.00,0.00,0.00,
happy:0.62,0.63,0.66,0.63,
sadness:0.16,0.18,0.16,0.18,
surprise:0.00,0.00,0.00,0.00,
zero
anger:0.22,0.24,0.30,0.23,
contempt:0.00,0.00,0.00,0.00,
disgust:0.00,0.00,0.00,0.00,
fear:0.00,0.00,0.00,0.00,
happy:0.62,0.22,0.40,0.44,
sadness:0.16,0.54,0.30,0.33,
surprise:0.00,0.00,0.00,0.00,
binomial0.1
anger:0.22,0.17,0.20,0.18,
contempt:0.00,0.00,0.00,0.00,
disgust:0.00,0.00,0.00,0.00,
fear:0.00,0.00,0.00,0.00,
happy:0.62,0.64,0.64,0.64,
sadness:0.16,0.19,0.15,0.17,
surprise:0.00,0.00,0.00,0.00,

ldbn_2lys_625_250_100_rdbn_2lys_625_250_100_t250
active_h
anger:0.14,0.20,0.20,0.20,
contempt:0.00,0.00,0.00,0.00,
disgust:0.00,0.00,0.00,0.00,
fear:0.00,0.00,0.00,0.00,
happy:0.70,0.67,0.54,0.65,
sadness:0.16,0.12,0.26,0.16,
surprise:0.00,0.00,0.00,0.00,
v_noisy_active_h
anger:0.14,0.18,0.15,0.17,
contempt:0.00,0.00,0.00,0.00,
disgust:0.00,0.00,0.00,0.00,
fear:0.00,0.00,0.00,0.00,
happy:0.70,0.66,0.61,0.63,
sadness:0.16,0.16,0.23,0.20,
surprise:0.00,0.00,0.00,0.00,
zero
anger:0.14,0.31,0.39,0.61,
contempt:0.00,0.00,0.00,0.00,
disgust:0.00,0.00,0.00,0.00,
fear:0.00,0.00,0.00,0.00,
happy:0.70,0.43,0.47,0.29,
sadness:0.16,0.25,0.13,0.09,
surprise:0.00,0.00,0.00,0.00,
binomial0.1
anger:0.14,0.18,0.19,0.14,
contempt:0.00,0.00,0.00,0.00,
disgust:0.00,0.00,0.00,0.00,
fear:0.00,0.00,0.00,0.00,
happy:0.70,0.67,0.65,0.71,
sadness:0.16,0.15,0.17,0.15,
surprise:0.00,0.00,0.00,0.00,

ldbn_2lys_625_250_100_rdbn_2lys_625_250_100_t50
active_h
anger:0.21,0.22,0.21,0.18,
contempt:0.00,0.00,0.00,0.00,
disgust:0.00,0.00,0.00,0.00,
fear:0.00,0.00,0.00,0.00,
happy:0.64,0.58,0.58,0.67,
sadness:0.16,0.20,0.21,0.15,
surprise:0.00,0.00,0.00,0.00,
v_noisy_active_h
anger:0.21,0.21,0.22,0.18,
contempt:0.00,0.00,0.00,0.00,
disgust:0.00,0.00,0.00,0.00,
fear:0.00,0.00,0.00,0.00,
happy:0.64,0.62,0.59,0.66,
sadness:0.16,0.17,0.19,0.16,
surprise:0.00,0.00,0.00,0.00,
zero
anger:0.21,0.20,0.19,0.14,
contempt:0.00,0.00,0.00,0.00,
disgust:0.00,0.00,0.00,0.00,
fear:0.00,0.00,0.00,0.00,
happy:0.64,0.61,0.63,0.74,
sadness:0.16,0.19,0.18,0.12,
surprise:0.00,0.00,0.00,0.00,
binomial0.1
anger:0.21,0.22,0.18,0.16,
contempt:0.00,0.00,0.00,0.00,
disgust:0.00,0.00,0.00,0.00,
fear:0.00,0.00,0.00,0.00,
happy:0.64,0.60,0.66,0.72,
sadness:0.16,0.17,0.16,0.13,
surprise:0.00,0.00,0.00,0.00,

ldbn_2lys_625_250_100_rdbn_2lys_625_250_100_t100
active_h
anger:0.21,0.25,0.18,0.14,
contempt:0.00,0.00,0.00,0.00,
disgust:0.00,0.00,0.00,0.00,
fear:0.00,0.00,0.00,0.00,
happy:0.68,0.62,0.65,0.73,
sadness:0.11,0.14,0.16,0.14,
surprise:0.00,0.00,0.00,0.00,
v_noisy_active_h
anger:0.21,0.19,0.19,0.14,
contempt:0.00,0.00,0.00,0.00,
disgust:0.00,0.00,0.00,0.00,
fear:0.00,0.00,0.00,0.00,
happy:0.68,0.68,0.63,0.70,
sadness:0.11,0.13,0.18,0.15,
surprise:0.00,0.00,0.00,0.00,
zero
anger:0.21,0.20,0.18,0.13,
contempt:0.00,0.00,0.00,0.00,
disgust:0.00,0.00,0.00,0.00,
fear:0.00,0.00,0.00,0.00,
happy:0.68,0.67,0.65,0.73,
sadness:0.11,0.13,0.17,0.14,
surprise:0.00,0.00,0.00,0.00,
binomial0.1
anger:0.21,0.20,0.18,0.16,
contempt:0.00,0.00,0.00,0.00,
disgust:0.00,0.00,0.00,0.00,
fear:0.00,0.00,0.00,0.00,
happy:0.68,0.65,0.67,0.67,
sadness:0.11,0.15,0.16,0.17,
surprise:0.00,0.00,0.00,0.00,

ldbn_2lys_625_250_100_rdbn_2lys_625_250_100_t250
active_h
anger:0.23,0.15,0.15,0.15,
contempt:0.00,0.00,0.00,0.00,
disgust:0.00,0.00,0.00,0.00,
fear:0.00,0.00,0.00,0.00,
happy:0.61,0.75,0.73,0.75,
sadness:0.16,0.10,0.12,0.09,
surprise:0.00,0.00,0.00,0.00,
v_noisy_active_h
anger:0.23,0.15,0.14,0.13,
contempt:0.00,0.00,0.00,0.00,
disgust:0.00,0.00,0.00,0.00,
fear:0.00,0.00,0.00,0.00,
happy:0.61,0.74,0.71,0.76,
sadness:0.16,0.12,0.15,0.11,
surprise:0.00,0.00,0.00,0.00,
zero
anger:0.23,0.09,0.18,0.16,
contempt:0.00,0.00,0.00,0.00,
disgust:0.00,0.00,0.00,0.00,
fear:0.00,0.00,0.00,0.00,
happy:0.61,0.75,0.68,0.72,
sadness:0.16,0.15,0.14,0.12,
surprise:0.00,0.00,0.00,0.00,
binomial0.1
anger:0.23,0.16,0.16,0.16,
contempt:0.00,0.00,0.00,0.00,
disgust:0.00,0.00,0.00,0.00,
fear:0.00,0.00,0.00,0.00,
happy:0.61,0.72,0.69,0.72,
sadness:0.16,0.12,0.15,0.12,
surprise:0.00,0.00,0.00,0.00,

ldbn_2lys_625_250_100_rdbn_2lys_625_250_100_t50
active_h
anger:0.29,0.37,0.29,0.20,
contempt:0.00,0.00,0.00,0.00,
disgust:0.00,0.00,0.00,0.00,
fear:0.00,0.00,0.00,0.00,
happy:0.54,0.45,0.54,0.40,
sadness:0.17,0.18,0.18,0.39,
surprise:0.00,0.00,0.00,0.00,
v_noisy_active_h
anger:0.29,0.37,0.30,0.21,
contempt:0.00,0.00,0.00,0.00,
disgust:0.00,0.00,0.00,0.00,
fear:0.00,0.00,0.00,0.00,
happy:0.54,0.45,0.53,0.41,
sadness:0.17,0.17,0.18,0.38,
surprise:0.00,0.00,0.00,0.00,
zero
anger:0.29,0.36,0.29,0.20,
contempt:0.00,0.00,0.00,0.00,
disgust:0.00,0.00,0.00,0.00,
fear:0.00,0.00,0.00,0.00,
happy:0.54,0.46,0.52,0.40,
sadness:0.17,0.18,0.19,0.40,
surprise:0.00,0.00,0.00,0.00,
binomial0.1
anger:0.29,0.38,0.27,0.18,
contempt:0.00,0.00,0.00,0.00,
disgust:0.00,0.00,0.00,0.00,
fear:0.00,0.00,0.00,0.00,
happy:0.54,0.45,0.56,0.38,
sadness:0.17,0.18,0.16,0.43,
surprise:0.00,0.00,0.00,0.00,

ldbn_2lys_625_250_100_rdbn_2lys_625_250_100_t100
active_h
anger:0.29,0.33,0.29,0.29,
contempt:0.00,0.00,0.00,0.00,
disgust:0.00,0.00,0.00,0.00,
fear:0.00,0.00,0.00,0.00,
happy:0.52,0.47,0.47,0.34,
sadness:0.18,0.20,0.24,0.37,
surprise:0.00,0.00,0.00,0.00,
v_noisy_active_h
anger:0.29,0.33,0.26,0.27,
contempt:0.00,0.00,0.00,0.00,
disgust:0.00,0.00,0.00,0.00,
fear:0.00,0.00,0.00,0.00,
happy:0.52,0.48,0.53,0.37,
sadness:0.18,0.19,0.21,0.36,
surprise:0.00,0.00,0.00,0.00,
zero
anger:0.29,0.33,0.28,0.27,
contempt:0.00,0.00,0.00,0.00,
disgust:0.00,0.00,0.00,0.00,
fear:0.00,0.00,0.00,0.00,
happy:0.52,0.46,0.49,0.37,
sadness:0.18,0.21,0.22,0.36,
surprise:0.00,0.00,0.00,0.00,
binomial0.1
anger:0.29,0.34,0.26,0.25,
contempt:0.00,0.00,0.00,0.00,
disgust:0.00,0.00,0.00,0.00,
fear:0.00,0.00,0.00,0.00,
happy:0.52,0.48,0.55,0.36,
sadness:0.18,0.18,0.19,0.39,
surprise:0.00,0.00,0.00,0.00,

ldbn_2lys_625_250_100_rdbn_2lys_625_250_100_t250
active_h
anger:0.27,0.33,0.21,0.25,
contempt:0.00,0.00,0.00,0.00,
disgust:0.00,0.00,0.00,0.00,
fear:0.00,0.00,0.00,0.00,
happy:0.53,0.48,0.61,0.41,
sadness:0.19,0.19,0.17,0.34,
surprise:0.00,0.00,0.00,0.00,
v_noisy_active_h
anger:0.27,0.32,0.21,0.23,
contempt:0.00,0.00,0.00,0.00,
disgust:0.00,0.00,0.00,0.00,
fear:0.00,0.00,0.00,0.00,
happy:0.53,0.48,0.62,0.41,
sadness:0.19,0.20,0.17,0.36,
surprise:0.00,0.00,0.00,0.00,
zero
anger:0.27,0.35,0.20,0.24,
contempt:0.00,0.00,0.00,0.00,
disgust:0.00,0.00,0.00,0.00,
fear:0.00,0.00,0.00,0.00,
happy:0.53,0.49,0.63,0.41,
sadness:0.19,0.16,0.17,0.35,
surprise:0.00,0.00,0.00,0.00,
binomial0.1
anger:0.27,0.30,0.22,0.25,
contempt:0.00,0.00,0.00,0.00,
disgust:0.00,0.00,0.00,0.00,
fear:0.00,0.00,0.00,0.00,
happy:0.53,0.52,0.64,0.41,
sadness:0.19,0.18,0.14,0.34,
surprise:0.00,0.00,0.00,0.00,

ldbn_2lys_625_250_100_rdbn_2lys_625_250_100_t50
active_h
anger:0.27,0.21,0.20,0.24,
contempt:0.00,0.00,0.00,0.00,
disgust:0.00,0.00,0.00,0.00,
fear:0.00,0.00,0.00,0.00,
happy:0.51,0.68,0.68,0.62,
sadness:0.22,0.11,0.11,0.14,
surprise:0.00,0.00,0.00,0.00,
v_noisy_active_h
anger:0.27,0.21,0.23,0.22,
contempt:0.00,0.00,0.00,0.00,
disgust:0.00,0.00,0.00,0.00,
fear:0.00,0.00,0.00,0.00,
happy:0.51,0.60,0.65,0.60,
sadness:0.22,0.19,0.13,0.19,
surprise:0.00,0.00,0.00,0.00,
zero
anger:0.27,0.34,0.19,0.25,
contempt:0.00,0.00,0.00,0.00,
disgust:0.00,0.00,0.00,0.00,
fear:0.00,0.00,0.00,0.00,
happy:0.51,0.44,0.50,0.59,
sadness:0.22,0.22,0.31,0.15,
surprise:0.00,0.00,0.00,0.00,
binomial0.1
anger:0.27,0.27,0.29,0.27,
contempt:0.00,0.00,0.00,0.00,
disgust:0.00,0.00,0.00,0.00,
fear:0.00,0.00,0.00,0.00,
happy:0.51,0.54,0.53,0.54,
sadness:0.22,0.19,0.18,0.19,
surprise:0.00,0.00,0.00,0.00,

ldbn_2lys_625_250_100_rdbn_2lys_625_250_100_t100
active_h
anger:0.14,0.19,0.22,0.20,
contempt:0.00,0.00,0.00,0.00,
disgust:0.00,0.00,0.00,0.00,
fear:0.00,0.00,0.00,0.00,
happy:0.67,0.67,0.67,0.59,
sadness:0.19,0.13,0.10,0.21,
surprise:0.00,0.00,0.00,0.00,
v_noisy_active_h
anger:0.14,0.13,0.18,0.13,
contempt:0.00,0.00,0.00,0.00,
disgust:0.00,0.00,0.00,0.00,
fear:0.00,0.00,0.00,0.00,
happy:0.67,0.73,0.69,0.67,
sadness:0.19,0.14,0.13,0.20,
surprise:0.00,0.00,0.00,0.00,
zero
anger:0.14,0.32,0.10,0.27,
contempt:0.00,0.00,0.00,0.00,
disgust:0.00,0.00,0.00,0.00,
fear:0.00,0.00,0.00,0.00,
happy:0.67,0.56,0.65,0.59,
sadness:0.19,0.12,0.25,0.15,
surprise:0.00,0.00,0.00,0.00,
binomial0.1
anger:0.14,0.20,0.18,0.18,
contempt:0.00,0.00,0.00,0.00,
disgust:0.00,0.00,0.00,0.00,
fear:0.00,0.00,0.00,0.00,
happy:0.67,0.68,0.67,0.67,
sadness:0.19,0.13,0.15,0.15,
surprise:0.00,0.00,0.00,0.00,

ldbn_2lys_625_250_100_rdbn_2lys_625_250_100_t250
active_h
anger:0.13,0.21,0.31,0.33,
contempt:0.00,0.00,0.00,0.00,
disgust:0.00,0.00,0.00,0.00,
fear:0.00,0.00,0.00,0.00,
happy:0.70,0.64,0.60,0.57,
sadness:0.17,0.15,0.09,0.10,
surprise:0.00,0.00,0.00,0.00,
v_noisy_active_h
anger:0.13,0.12,0.20,0.18,
contempt:0.00,0.00,0.00,0.00,
disgust:0.00,0.00,0.00,0.00,
fear:0.00,0.00,0.00,0.00,
happy:0.70,0.75,0.68,0.69,
sadness:0.17,0.12,0.12,0.12,
surprise:0.00,0.00,0.00,0.00,
zero
anger:0.13,0.31,0.04,0.18,
contempt:0.00,0.00,0.00,0.00,
disgust:0.00,0.00,0.00,0.00,
fear:0.00,0.00,0.00,0.00,
happy:0.70,0.60,0.89,0.79,
sadness:0.17,0.09,0.07,0.03,
surprise:0.00,0.00,0.00,0.00,
binomial0.1
anger:0.13,0.17,0.15,0.17,
contempt:0.00,0.00,0.00,0.00,
disgust:0.00,0.00,0.00,0.00,
fear:0.00,0.00,0.00,0.00,
happy:0.70,0.71,0.70,0.69,
sadness:0.17,0.12,0.15,0.14,
surprise:0.00,0.00,0.00,0.00,

ldbn_2lys_625_250_100_rdbn_2lys_625_250_100_t50
active_h
anger:0.23,0.17,0.18,0.22,
contempt:0.00,0.00,0.00,0.00,
disgust:0.00,0.00,0.00,0.00,
fear:0.00,0.00,0.00,0.00,
happy:0.64,0.67,0.63,0.57,
sadness:0.13,0.16,0.19,0.21,
surprise:0.00,0.00,0.00,0.00,
v_noisy_active_h
anger:0.23,0.17,0.19,0.19,
contempt:0.00,0.00,0.00,0.00,
disgust:0.00,0.00,0.00,0.00,
fear:0.00,0.00,0.00,0.00,
happy:0.64,0.65,0.66,0.59,
sadness:0.13,0.18,0.16,0.21,
surprise:0.00,0.00,0.00,0.00,
zero
anger:0.23,0.11,0.13,0.14,
contempt:0.00,0.00,0.00,0.00,
disgust:0.00,0.00,0.00,0.00,
fear:0.00,0.00,0.00,0.00,
happy:0.64,0.73,0.70,0.66,
sadness:0.13,0.16,0.17,0.19,
surprise:0.00,0.00,0.00,0.00,
binomial0.1
anger:0.23,0.15,0.16,0.19,
contempt:0.00,0.00,0.00,0.00,
disgust:0.00,0.00,0.00,0.00,
fear:0.00,0.00,0.00,0.00,
happy:0.64,0.67,0.67,0.60,
sadness:0.13,0.18,0.17,0.20,
surprise:0.00,0.00,0.00,0.00,

ldbn_2lys_625_250_100_rdbn_2lys_625_250_100_t100
active_h
anger:0.21,0.19,0.17,0.22,
contempt:0.00,0.00,0.00,0.00,
disgust:0.00,0.00,0.00,0.00,
fear:0.00,0.00,0.00,0.00,
happy:0.69,0.62,0.64,0.59,
sadness:0.11,0.19,0.19,0.19,
surprise:0.00,0.00,0.00,0.00,
v_noisy_active_h
anger:0.21,0.21,0.17,0.21,
contempt:0.00,0.00,0.00,0.00,
disgust:0.00,0.00,0.00,0.00,
fear:0.00,0.00,0.00,0.00,
happy:0.69,0.62,0.66,0.61,
sadness:0.11,0.17,0.17,0.18,
surprise:0.00,0.00,0.00,0.00,
zero
anger:0.21,0.15,0.10,0.11,
contempt:0.00,0.00,0.00,0.00,
disgust:0.00,0.00,0.00,0.00,
fear:0.00,0.00,0.00,0.00,
happy:0.69,0.67,0.71,0.72,
sadness:0.11,0.18,0.19,0.16,
surprise:0.00,0.00,0.00,0.00,
binomial0.1
anger:0.21,0.21,0.15,0.19,
contempt:0.00,0.00,0.00,0.00,
disgust:0.00,0.00,0.00,0.00,
fear:0.00,0.00,0.00,0.00,
happy:0.69,0.62,0.68,0.62,
sadness:0.11,0.17,0.16,0.19,
surprise:0.00,0.00,0.00,0.00,

ldbn_2lys_625_250_100_rdbn_2lys_625_250_100_t250
active_h
anger:0.20,0.10,0.12,0.08,
contempt:0.00,0.00,0.00,0.00,
disgust:0.00,0.00,0.00,0.00,
fear:0.00,0.00,0.00,0.00,
happy:0.66,0.80,0.74,0.79,
sadness:0.14,0.10,0.14,0.14,
surprise:0.00,0.00,0.00,0.00,
v_noisy_active_h
anger:0.20,0.10,0.11,0.09,
contempt:0.00,0.00,0.00,0.00,
disgust:0.00,0.00,0.00,0.00,
fear:0.00,0.00,0.00,0.00,
happy:0.66,0.74,0.72,0.75,
sadness:0.14,0.16,0.17,0.15,
surprise:0.00,0.00,0.00,0.00,
zero
anger:0.20,0.06,0.10,0.05,
contempt:0.00,0.00,0.00,0.00,
disgust:0.00,0.00,0.00,0.00,
fear:0.00,0.00,0.00,0.00,
happy:0.66,0.79,0.76,0.79,
sadness:0.14,0.16,0.14,0.16,
surprise:0.00,0.00,0.00,0.00,
binomial0.1
anger:0.20,0.12,0.13,0.10,
contempt:0.00,0.00,0.00,0.00,
disgust:0.00,0.00,0.00,0.00,
fear:0.00,0.00,0.00,0.00,
happy:0.66,0.73,0.72,0.76,
sadness:0.14,0.15,0.16,0.14,
surprise:0.00,0.00,0.00,0.00,

ldbn_2lys_625_250_100_rdbn_2lys_625_250_100_t50
active_h
anger:0.22,0.20,0.26,0.22,
contempt:0.00,0.00,0.00,0.00,
disgust:0.00,0.00,0.00,0.00,
fear:0.00,0.00,0.00,0.00,
happy:0.63,0.44,0.62,0.62,
sadness:0.15,0.36,0.11,0.16,
surprise:0.00,0.00,0.00,0.00,
v_noisy_active_h
anger:0.22,0.21,0.24,0.20,
contempt:0.00,0.00,0.00,0.00,
disgust:0.00,0.00,0.00,0.00,
fear:0.00,0.00,0.00,0.00,
happy:0.63,0.44,0.63,0.62,
sadness:0.15,0.34,0.13,0.18,
surprise:0.00,0.00,0.00,0.00,
zero
anger:0.22,0.19,0.26,0.20,
contempt:0.00,0.00,0.00,0.00,
disgust:0.00,0.00,0.00,0.00,
fear:0.00,0.00,0.00,0.00,
happy:0.63,0.44,0.62,0.65,
sadness:0.15,0.37,0.12,0.15,
surprise:0.00,0.00,0.00,0.00,
binomial0.1
anger:0.22,0.21,0.26,0.23,
contempt:0.00,0.00,0.00,0.00,
disgust:0.00,0.00,0.00,0.00,
fear:0.00,0.00,0.00,0.00,
happy:0.63,0.43,0.61,0.62,
sadness:0.15,0.35,0.13,0.16,
surprise:0.00,0.00,0.00,0.00,

ldbn_2lys_625_250_100_rdbn_2lys_625_250_100_t100
active_h
anger:0.24,0.20,0.28,0.24,
contempt:0.00,0.00,0.00,0.00,
disgust:0.00,0.00,0.00,0.00,
fear:0.00,0.00,0.00,0.00,
happy:0.60,0.49,0.57,0.60,
sadness:0.16,0.31,0.15,0.16,
surprise:0.00,0.00,0.00,0.00,
v_noisy_active_h
anger:0.24,0.18,0.27,0.23,
contempt:0.00,0.00,0.00,0.00,
disgust:0.00,0.00,0.00,0.00,
fear:0.00,0.00,0.00,0.00,
happy:0.60,0.50,0.58,0.58,
sadness:0.16,0.32,0.15,0.19,
surprise:0.00,0.00,0.00,0.00,
zero
anger:0.24,0.17,0.31,0.23,
contempt:0.00,0.00,0.00,0.00,
disgust:0.00,0.00,0.00,0.00,
fear:0.00,0.00,0.00,0.00,
happy:0.60,0.50,0.55,0.59,
sadness:0.16,0.34,0.14,0.18,
surprise:0.00,0.00,0.00,0.00,
binomial0.1
anger:0.24,0.17,0.25,0.21,
contempt:0.00,0.00,0.00,0.00,
disgust:0.00,0.00,0.00,0.00,
fear:0.00,0.00,0.00,0.00,
happy:0.60,0.53,0.59,0.60,
sadness:0.16,0.31,0.17,0.19,
surprise:0.00,0.00,0.00,0.00,

ldbn_2lys_625_250_100_rdbn_2lys_625_250_100_t250
active_h
anger:0.22,0.21,0.28,0.23,
contempt:0.00,0.00,0.00,0.00,
disgust:0.00,0.00,0.00,0.00,
fear:0.00,0.00,0.00,0.00,
happy:0.62,0.43,0.50,0.65,
sadness:0.16,0.36,0.22,0.12,
surprise:0.00,0.00,0.00,0.00,
v_noisy_active_h
anger:0.22,0.19,0.24,0.24,
contempt:0.00,0.00,0.00,0.00,
disgust:0.00,0.00,0.00,0.00,
fear:0.00,0.00,0.00,0.00,
happy:0.62,0.46,0.51,0.66,
sadness:0.16,0.36,0.25,0.10,
surprise:0.00,0.00,0.00,0.00,
zero
anger:0.22,0.21,0.27,0.26,
contempt:0.00,0.00,0.00,0.00,
disgust:0.00,0.00,0.00,0.00,
fear:0.00,0.00,0.00,0.00,
happy:0.62,0.43,0.51,0.64,
sadness:0.16,0.36,0.22,0.10,
surprise:0.00,0.00,0.00,0.00,
binomial0.1
anger:0.22,0.21,0.24,0.26,
contempt:0.00,0.00,0.00,0.00,
disgust:0.00,0.00,0.00,0.00,
fear:0.00,0.00,0.00,0.00,
happy:0.62,0.45,0.52,0.63,
sadness:0.16,0.34,0.24,0.10,
surprise:0.00,0.00,0.00,0.00,

ldbn_2lys_625_250_100_rdbn_2lys_625_250_100_t50
active_h
anger:0.21,0.14,0.18,0.14,
contempt:0.00,0.00,0.00,0.00,
disgust:0.00,0.00,0.00,0.00,
fear:0.00,0.00,0.00,0.00,
happy:0.59,0.74,0.62,0.66,
sadness:0.20,0.12,0.20,0.20,
surprise:0.00,0.00,0.00,0.00,
v_noisy_active_h
anger:0.21,0.21,0.18,0.20,
contempt:0.00,0.00,0.00,0.00,
disgust:0.00,0.00,0.00,0.00,
fear:0.00,0.00,0.00,0.00,
happy:0.59,0.67,0.61,0.61,
sadness:0.20,0.12,0.21,0.19,
surprise:0.00,0.00,0.00,0.00,
zero
anger:0.21,0.23,0.23,0.25,
contempt:0.00,0.00,0.00,0.00,
disgust:0.00,0.00,0.00,0.00,
fear:0.00,0.00,0.00,0.00,
happy:0.59,0.35,0.37,0.51,
sadness:0.20,0.41,0.40,0.24,
surprise:0.00,0.00,0.00,0.00,
binomial0.1
anger:0.21,0.24,0.23,0.26,
contempt:0.00,0.00,0.00,0.00,
disgust:0.00,0.00,0.00,0.00,
fear:0.00,0.00,0.00,0.00,
happy:0.59,0.62,0.55,0.57,
sadness:0.20,0.14,0.22,0.17,
surprise:0.00,0.00,0.00,0.00,

ldbn_2lys_625_250_100_rdbn_2lys_625_250_100_t100
active_h
anger:0.19,0.15,0.13,0.19,
contempt:0.00,0.00,0.00,0.00,
disgust:0.00,0.00,0.00,0.00,
fear:0.00,0.00,0.00,0.00,
happy:0.65,0.76,0.72,0.64,
sadness:0.16,0.09,0.15,0.16,
surprise:0.00,0.00,0.00,0.00,
v_noisy_active_h
anger:0.19,0.23,0.20,0.25,
contempt:0.00,0.00,0.00,0.00,
disgust:0.00,0.00,0.00,0.00,
fear:0.00,0.00,0.00,0.00,
happy:0.65,0.70,0.70,0.63,
sadness:0.16,0.07,0.11,0.12,
surprise:0.00,0.00,0.00,0.00,
zero
anger:0.19,0.34,0.23,0.37,
contempt:0.00,0.00,0.00,0.00,
disgust:0.00,0.00,0.00,0.00,
fear:0.00,0.00,0.00,0.00,
happy:0.65,0.44,0.47,0.48,
sadness:0.16,0.21,0.31,0.15,
surprise:0.00,0.00,0.00,0.00,
binomial0.1
anger:0.19,0.26,0.22,0.28,
contempt:0.00,0.00,0.00,0.00,
disgust:0.00,0.00,0.00,0.00,
fear:0.00,0.00,0.00,0.00,
happy:0.65,0.59,0.65,0.60,
sadness:0.16,0.14,0.13,0.12,
surprise:0.00,0.00,0.00,0.00,

ldbn_2lys_625_250_100_rdbn_2lys_625_250_100_t250
active_h
anger:0.16,0.18,0.16,0.22,
contempt:0.00,0.00,0.00,0.00,
disgust:0.00,0.00,0.00,0.00,
fear:0.00,0.00,0.00,0.00,
happy:0.76,0.76,0.78,0.69,
sadness:0.08,0.07,0.06,0.09,
surprise:0.00,0.00,0.00,0.00,
v_noisy_active_h
anger:0.16,0.18,0.20,0.19,
contempt:0.00,0.00,0.00,0.00,
disgust:0.00,0.00,0.00,0.00,
fear:0.00,0.00,0.00,0.00,
happy:0.76,0.71,0.71,0.71,
sadness:0.08,0.11,0.09,0.10,
surprise:0.00,0.00,0.00,0.00,
zero
anger:0.16,0.21,0.21,0.23,
contempt:0.00,0.00,0.00,0.00,
disgust:0.00,0.00,0.00,0.00,
fear:0.00,0.00,0.00,0.00,
happy:0.76,0.58,0.59,0.60,
sadness:0.08,0.21,0.21,0.17,
surprise:0.00,0.00,0.00,0.00,
binomial0.1
anger:0.16,0.17,0.21,0.19,
contempt:0.00,0.00,0.00,0.00,
disgust:0.00,0.00,0.00,0.00,
fear:0.00,0.00,0.00,0.00,
happy:0.76,0.68,0.69,0.71,
sadness:0.08,0.15,0.09,0.10,
surprise:0.00,0.00,0.00,0.00,

ldbn_2lys_625_250_100_rdbn_2lys_625_250_100_t50
active_h
anger:0.14,0.20,0.13,0.12,
contempt:0.00,0.00,0.00,0.00,
disgust:0.00,0.00,0.00,0.00,
fear:0.00,0.00,0.00,0.00,
happy:0.78,0.67,0.76,0.78,
sadness:0.08,0.13,0.10,0.10,
surprise:0.00,0.00,0.00,0.00,
v_noisy_active_h
anger:0.14,0.20,0.14,0.12,
contempt:0.00,0.00,0.00,0.00,
disgust:0.00,0.00,0.00,0.00,
fear:0.00,0.00,0.00,0.00,
happy:0.78,0.65,0.76,0.76,
sadness:0.08,0.15,0.10,0.12,
surprise:0.00,0.00,0.00,0.00,
zero
anger:0.14,0.19,0.10,0.13,
contempt:0.00,0.00,0.00,0.00,
disgust:0.00,0.00,0.00,0.00,
fear:0.00,0.00,0.00,0.00,
happy:0.78,0.69,0.79,0.76,
sadness:0.08,0.13,0.10,0.11,
surprise:0.00,0.00,0.00,0.00,
binomial0.1
anger:0.14,0.20,0.15,0.13,
contempt:0.00,0.00,0.00,0.00,
disgust:0.00,0.00,0.00,0.00,
fear:0.00,0.00,0.00,0.00,
happy:0.78,0.68,0.75,0.75,
sadness:0.08,0.12,0.10,0.11,
surprise:0.00,0.00,0.00,0.00,

ldbn_2lys_625_250_100_rdbn_2lys_625_250_100_t100
active_h
anger:0.12,0.25,0.17,0.14,
contempt:0.00,0.00,0.00,0.00,
disgust:0.00,0.00,0.00,0.00,
fear:0.00,0.00,0.00,0.00,
happy:0.75,0.57,0.70,0.76,
sadness:0.12,0.18,0.13,0.10,
surprise:0.00,0.00,0.00,0.00,
v_noisy_active_h
anger:0.12,0.26,0.16,0.15,
contempt:0.00,0.00,0.00,0.00,
disgust:0.00,0.00,0.00,0.00,
fear:0.00,0.00,0.00,0.00,
happy:0.75,0.54,0.72,0.75,
sadness:0.12,0.20,0.12,0.10,
surprise:0.00,0.00,0.00,0.00,
zero
anger:0.12,0.24,0.15,0.15,
contempt:0.00,0.00,0.00,0.00,
disgust:0.00,0.00,0.00,0.00,
fear:0.00,0.00,0.00,0.00,
happy:0.75,0.59,0.75,0.75,
sadness:0.12,0.17,0.10,0.10,
surprise:0.00,0.00,0.00,0.00,
binomial0.1
anger:0.12,0.23,0.17,0.16,
contempt:0.00,0.00,0.00,0.00,
disgust:0.00,0.00,0.00,0.00,
fear:0.00,0.00,0.00,0.00,
happy:0.75,0.56,0.71,0.75,
sadness:0.12,0.21,0.12,0.09,
surprise:0.00,0.00,0.00,0.00,

ldbn_2lys_625_250_100_rdbn_2lys_625_250_100_t250
active_h
anger:0.14,0.18,0.13,0.15,
contempt:0.00,0.00,0.00,0.00,
disgust:0.00,0.00,0.00,0.00,
fear:0.00,0.00,0.00,0.00,
happy:0.74,0.66,0.73,0.76,
sadness:0.12,0.15,0.14,0.09,
surprise:0.00,0.00,0.00,0.00,
v_noisy_active_h
anger:0.14,0.18,0.14,0.15,
contempt:0.00,0.00,0.00,0.00,
disgust:0.00,0.00,0.00,0.00,
fear:0.00,0.00,0.00,0.00,
happy:0.74,0.66,0.75,0.76,
sadness:0.12,0.15,0.11,0.09,
surprise:0.00,0.00,0.00,0.00,
zero
anger:0.14,0.21,0.17,0.27,
contempt:0.00,0.00,0.00,0.00,
disgust:0.00,0.00,0.00,0.00,
fear:0.00,0.00,0.00,0.00,
happy:0.74,0.65,0.66,0.61,
sadness:0.12,0.14,0.16,0.12,
surprise:0.00,0.00,0.00,0.00,
binomial0.1
anger:0.14,0.16,0.12,0.17,
contempt:0.00,0.00,0.00,0.00,
disgust:0.00,0.00,0.00,0.00,
fear:0.00,0.00,0.00,0.00,
happy:0.74,0.69,0.74,0.72,
sadness:0.12,0.15,0.15,0.11,
surprise:0.00,0.00,0.00,0.00,

ldbn_2lys_625_250_100_rdbn_2lys_625_250_100_t50
active_h
anger:0.26,0.22,0.06,0.20,
contempt:0.00,0.00,0.00,0.00,
disgust:0.00,0.00,0.00,0.00,
fear:0.00,0.00,0.00,0.00,
happy:0.42,0.53,0.59,0.70,
sadness:0.32,0.25,0.35,0.10,
surprise:0.00,0.00,0.00,0.00,
v_noisy_active_h
anger:0.26,0.24,0.07,0.20,
contempt:0.00,0.00,0.00,0.00,
disgust:0.00,0.00,0.00,0.00,
fear:0.00,0.00,0.00,0.00,
happy:0.42,0.51,0.60,0.71,
sadness:0.32,0.26,0.33,0.09,
surprise:0.00,0.00,0.00,0.00,
zero
anger:0.26,0.23,0.07,0.20,
contempt:0.00,0.00,0.00,0.00,
disgust:0.00,0.00,0.00,0.00,
fear:0.00,0.00,0.00,0.00,
happy:0.42,0.53,0.58,0.71,
sadness:0.32,0.24,0.34,0.10,
surprise:0.00,0.00,0.00,0.00,
binomial0.1
anger:0.26,0.21,0.07,0.20,
contempt:0.00,0.00,0.00,0.00,
disgust:0.00,0.00,0.00,0.00,
fear:0.00,0.00,0.00,0.00,
happy:0.42,0.55,0.60,0.70,
sadness:0.32,0.24,0.32,0.10,
surprise:0.00,0.00,0.00,0.00,

ldbn_2lys_625_250_100_rdbn_2lys_625_250_100_t100
active_h
anger:0.26,0.26,0.05,0.11,
contempt:0.00,0.00,0.00,0.00,
disgust:0.00,0.00,0.00,0.00,
fear:0.00,0.00,0.00,0.00,
happy:0.41,0.53,0.67,0.73,
sadness:0.33,0.21,0.28,0.17,
surprise:0.00,0.00,0.00,0.00,
v_noisy_active_h
anger:0.26,0.25,0.09,0.12,
contempt:0.00,0.00,0.00,0.00,
disgust:0.00,0.00,0.00,0.00,
fear:0.00,0.00,0.00,0.00,
happy:0.41,0.52,0.62,0.69,
sadness:0.33,0.24,0.29,0.19,
surprise:0.00,0.00,0.00,0.00,
zero
anger:0.26,0.27,0.07,0.13,
contempt:0.00,0.00,0.00,0.00,
disgust:0.00,0.00,0.00,0.00,
fear:0.00,0.00,0.00,0.00,
happy:0.41,0.51,0.60,0.71,
sadness:0.33,0.22,0.32,0.16,
surprise:0.00,0.00,0.00,0.00,
binomial0.1
anger:0.26,0.30,0.08,0.13,
contempt:0.00,0.00,0.00,0.00,
disgust:0.00,0.00,0.00,0.00,
fear:0.00,0.00,0.00,0.00,
happy:0.41,0.51,0.64,0.68,
sadness:0.33,0.20,0.29,0.19,
surprise:0.00,0.00,0.00,0.00,

ldbn_2lys_625_250_100_rdbn_2lys_625_250_100_t250
active_h
anger:0.24,0.24,0.09,0.19,
contempt:0.00,0.00,0.00,0.00,
disgust:0.00,0.00,0.00,0.00,
fear:0.00,0.00,0.00,0.00,
happy:0.40,0.56,0.65,0.62,
sadness:0.36,0.20,0.26,0.19,
surprise:0.00,0.00,0.00,0.00,
v_noisy_active_h
anger:0.24,0.27,0.09,0.19,
contempt:0.00,0.00,0.00,0.00,
disgust:0.00,0.00,0.00,0.00,
fear:0.00,0.00,0.00,0.00,
happy:0.40,0.53,0.66,0.62,
sadness:0.36,0.20,0.25,0.19,
surprise:0.00,0.00,0.00,0.00,
zero
anger:0.24,0.28,0.10,0.17,
contempt:0.00,0.00,0.00,0.00,
disgust:0.00,0.00,0.00,0.00,
fear:0.00,0.00,0.00,0.00,
happy:0.40,0.52,0.62,0.64,
sadness:0.36,0.20,0.28,0.18,
surprise:0.00,0.00,0.00,0.00,
binomial0.1
anger:0.24,0.27,0.10,0.16,
contempt:0.00,0.00,0.00,0.00,
disgust:0.00,0.00,0.00,0.00,
fear:0.00,0.00,0.00,0.00,
happy:0.40,0.51,0.64,0.64,
sadness:0.36,0.21,0.26,0.20,
surprise:0.00,0.00,0.00,0.00,

ldbn_2lys_625_250_100_rdbn_2lys_625_250_100_t50
active_h
anger:0.23,0.27,0.28,0.25,
contempt:0.00,0.00,0.00,0.00,
disgust:0.00,0.00,0.00,0.00,
fear:0.00,0.00,0.00,0.00,
happy:0.57,0.49,0.55,0.51,
sadness:0.20,0.24,0.17,0.24,
surprise:0.00,0.00,0.00,0.00,
v_noisy_active_h
anger:0.23,0.20,0.24,0.19,
contempt:0.00,0.00,0.00,0.00,
disgust:0.00,0.00,0.00,0.00,
fear:0.00,0.00,0.00,0.00,
happy:0.57,0.60,0.62,0.58,
sadness:0.20,0.19,0.15,0.23,
surprise:0.00,0.00,0.00,0.00,
zero
anger:0.23,0.35,0.25,0.14,
contempt:0.00,0.00,0.00,0.00,
disgust:0.00,0.00,0.00,0.00,
fear:0.00,0.00,0.00,0.00,
happy:0.57,0.55,0.51,0.64,
sadness:0.20,0.10,0.24,0.22,
surprise:0.00,0.00,0.00,0.00,
binomial0.1
anger:0.23,0.20,0.22,0.20,
contempt:0.00,0.00,0.00,0.00,
disgust:0.00,0.00,0.00,0.00,
fear:0.00,0.00,0.00,0.00,
happy:0.57,0.63,0.60,0.59,
sadness:0.20,0.17,0.18,0.21,
surprise:0.00,0.00,0.00,0.00,

ldbn_2lys_625_250_100_rdbn_2lys_625_250_100_t100
active_h
anger:0.17,0.06,0.08,0.10,
contempt:0.00,0.00,0.00,0.00,
disgust:0.00,0.00,0.00,0.00,
fear:0.00,0.00,0.00,0.00,
happy:0.67,0.86,0.76,0.78,
sadness:0.16,0.08,0.16,0.12,
surprise:0.00,0.00,0.00,0.00,
v_noisy_active_h
anger:0.17,0.12,0.13,0.16,
contempt:0.00,0.00,0.00,0.00,
disgust:0.00,0.00,0.00,0.00,
fear:0.00,0.00,0.00,0.00,
happy:0.67,0.72,0.70,0.68,
sadness:0.16,0.16,0.18,0.16,
surprise:0.00,0.00,0.00,0.00,
zero
anger:0.17,0.08,0.20,0.09,
contempt:0.00,0.00,0.00,0.00,
disgust:0.00,0.00,0.00,0.00,
fear:0.00,0.00,0.00,0.00,
happy:0.67,0.75,0.60,0.66,
sadness:0.16,0.17,0.20,0.25,
surprise:0.00,0.00,0.00,0.00,
binomial0.1
anger:0.17,0.13,0.16,0.14,
contempt:0.00,0.00,0.00,0.00,
disgust:0.00,0.00,0.00,0.00,
fear:0.00,0.00,0.00,0.00,
happy:0.67,0.67,0.66,0.68,
sadness:0.16,0.19,0.19,0.18,
surprise:0.00,0.00,0.00,0.00,

ldbn_2lys_625_250_100_rdbn_2lys_625_250_100_t250
active_h
anger:0.14,0.05,0.09,0.09,
contempt:0.00,0.00,0.00,0.00,
disgust:0.00,0.00,0.00,0.00,
fear:0.00,0.00,0.00,0.00,
happy:0.74,0.90,0.81,0.79,
sadness:0.11,0.05,0.10,0.12,
surprise:0.00,0.00,0.00,0.00,
v_noisy_active_h
anger:0.14,0.15,0.14,0.17,
contempt:0.00,0.00,0.00,0.00,
disgust:0.00,0.00,0.00,0.00,
fear:0.00,0.00,0.00,0.00,
happy:0.74,0.75,0.74,0.69,
sadness:0.11,0.10,0.13,0.14,
surprise:0.00,0.00,0.00,0.00,
zero
anger:0.14,0.08,0.07,0.06,
contempt:0.00,0.00,0.00,0.00,
disgust:0.00,0.00,0.00,0.00,
fear:0.00,0.00,0.00,0.00,
happy:0.74,0.78,0.78,0.72,
sadness:0.11,0.14,0.15,0.22,
surprise:0.00,0.00,0.00,0.00,
binomial0.1
anger:0.14,0.16,0.17,0.16,
contempt:0.00,0.00,0.00,0.00,
disgust:0.00,0.00,0.00,0.00,
fear:0.00,0.00,0.00,0.00,
happy:0.74,0.69,0.65,0.67,
sadness:0.11,0.15,0.18,0.16,
surprise:0.00,0.00,0.00,0.00,

ldbn_2lys_625_250_100_rdbn_2lys_625_250_100_t50
active_h
anger:0.25,0.21,0.23,0.20,
contempt:0.00,0.00,0.00,0.00,
disgust:0.00,0.00,0.00,0.00,
fear:0.00,0.00,0.00,0.00,
happy:0.60,0.65,0.59,0.61,
sadness:0.15,0.13,0.18,0.18,
surprise:0.00,0.00,0.00,0.00,
v_noisy_active_h
anger:0.25,0.17,0.25,0.21,
contempt:0.00,0.00,0.00,0.00,
disgust:0.00,0.00,0.00,0.00,
fear:0.00,0.00,0.00,0.00,
happy:0.60,0.69,0.59,0.64,
sadness:0.15,0.14,0.16,0.16,
surprise:0.00,0.00,0.00,0.00,
zero
anger:0.25,0.17,0.19,0.16,
contempt:0.00,0.00,0.00,0.00,
disgust:0.00,0.00,0.00,0.00,
fear:0.00,0.00,0.00,0.00,
happy:0.60,0.70,0.65,0.72,
sadness:0.15,0.13,0.16,0.11,
surprise:0.00,0.00,0.00,0.00,
binomial0.1
anger:0.25,0.18,0.24,0.18,
contempt:0.00,0.00,0.00,0.00,
disgust:0.00,0.00,0.00,0.00,
fear:0.00,0.00,0.00,0.00,
happy:0.60,0.70,0.58,0.64,
sadness:0.15,0.12,0.18,0.18,
surprise:0.00,0.00,0.00,0.00,

ldbn_2lys_625_250_100_rdbn_2lys_625_250_100_t100
active_h
anger:0.20,0.20,0.23,0.19,
contempt:0.00,0.00,0.00,0.00,
disgust:0.00,0.00,0.00,0.00,
fear:0.00,0.00,0.00,0.00,
happy:0.67,0.60,0.58,0.63,
sadness:0.14,0.21,0.19,0.17,
surprise:0.00,0.00,0.00,0.00,
v_noisy_active_h
anger:0.20,0.20,0.25,0.18,
contempt:0.00,0.00,0.00,0.00,
disgust:0.00,0.00,0.00,0.00,
fear:0.00,0.00,0.00,0.00,
happy:0.67,0.59,0.55,0.65,
sadness:0.14,0.21,0.19,0.17,
surprise:0.00,0.00,0.00,0.00,
zero
anger:0.20,0.18,0.18,0.12,
contempt:0.00,0.00,0.00,0.00,
disgust:0.00,0.00,0.00,0.00,
fear:0.00,0.00,0.00,0.00,
happy:0.67,0.60,0.62,0.68,
sadness:0.14,0.23,0.20,0.19,
surprise:0.00,0.00,0.00,0.00,
binomial0.1
anger:0.20,0.20,0.23,0.18,
contempt:0.00,0.00,0.00,0.00,
disgust:0.00,0.00,0.00,0.00,
fear:0.00,0.00,0.00,0.00,
happy:0.67,0.60,0.58,0.64,
sadness:0.14,0.20,0.19,0.18,
surprise:0.00,0.00,0.00,0.00,

ldbn_2lys_625_250_100_rdbn_2lys_625_250_100_t250
active_h
anger:0.24,0.17,0.15,0.13,
contempt:0.00,0.00,0.00,0.00,
disgust:0.00,0.00,0.00,0.00,
fear:0.00,0.00,0.00,0.00,
happy:0.58,0.68,0.66,0.75,
sadness:0.18,0.15,0.20,0.13,
surprise:0.00,0.00,0.00,0.00,
v_noisy_active_h
anger:0.24,0.18,0.17,0.13,
contempt:0.00,0.00,0.00,0.00,
disgust:0.00,0.00,0.00,0.00,
fear:0.00,0.00,0.00,0.00,
happy:0.58,0.66,0.63,0.74,
sadness:0.18,0.16,0.19,0.14,
surprise:0.00,0.00,0.00,0.00,
zero
anger:0.24,0.12,0.19,0.13,
contempt:0.00,0.00,0.00,0.00,
disgust:0.00,0.00,0.00,0.00,
fear:0.00,0.00,0.00,0.00,
happy:0.58,0.63,0.59,0.68,
sadness:0.18,0.25,0.22,0.19,
surprise:0.00,0.00,0.00,0.00,
binomial0.1
anger:0.24,0.17,0.19,0.14,
contempt:0.00,0.00,0.00,0.00,
disgust:0.00,0.00,0.00,0.00,
fear:0.00,0.00,0.00,0.00,
happy:0.58,0.65,0.60,0.74,
sadness:0.18,0.17,0.22,0.12,
surprise:0.00,0.00,0.00,0.00,

ldbn_2lys_625_250_100_rdbn_2lys_625_250_100_t50
active_h
anger:0.28,0.09,0.22,0.30,
contempt:0.00,0.00,0.00,0.00,
disgust:0.00,0.00,0.00,0.00,
fear:0.00,0.00,0.00,0.00,
happy:0.46,0.61,0.54,0.50,
sadness:0.26,0.31,0.24,0.21,
surprise:0.00,0.00,0.00,0.00,
v_noisy_active_h
anger:0.28,0.09,0.25,0.31,
contempt:0.00,0.00,0.00,0.00,
disgust:0.00,0.00,0.00,0.00,
fear:0.00,0.00,0.00,0.00,
happy:0.46,0.62,0.53,0.48,
sadness:0.26,0.29,0.22,0.21,
surprise:0.00,0.00,0.00,0.00,
zero
anger:0.28,0.10,0.23,0.31,
contempt:0.00,0.00,0.00,0.00,
disgust:0.00,0.00,0.00,0.00,
fear:0.00,0.00,0.00,0.00,
happy:0.46,0.62,0.54,0.48,
sadness:0.26,0.29,0.23,0.21,
surprise:0.00,0.00,0.00,0.00,
binomial0.1
anger:0.28,0.10,0.25,0.34,
contempt:0.00,0.00,0.00,0.00,
disgust:0.00,0.00,0.00,0.00,
fear:0.00,0.00,0.00,0.00,
happy:0.46,0.59,0.50,0.45,
sadness:0.26,0.30,0.25,0.21,
surprise:0.00,0.00,0.00,0.00,

ldbn_2lys_625_250_100_rdbn_2lys_625_250_100_t100
active_h
anger:0.29,0.11,0.26,0.33,
contempt:0.00,0.00,0.00,0.00,
disgust:0.00,0.00,0.00,0.00,
fear:0.00,0.00,0.00,0.00,
happy:0.47,0.58,0.54,0.48,
sadness:0.23,0.32,0.21,0.19,
surprise:0.00,0.00,0.00,0.00,
v_noisy_active_h
anger:0.29,0.10,0.26,0.37,
contempt:0.00,0.00,0.00,0.00,
disgust:0.00,0.00,0.00,0.00,
fear:0.00,0.00,0.00,0.00,
happy:0.47,0.57,0.50,0.47,
sadness:0.23,0.33,0.23,0.16,
surprise:0.00,0.00,0.00,0.00,
zero
anger:0.29,0.11,0.28,0.37,
contempt:0.00,0.00,0.00,0.00,
disgust:0.00,0.00,0.00,0.00,
fear:0.00,0.00,0.00,0.00,
happy:0.47,0.57,0.47,0.45,
sadness:0.23,0.32,0.25,0.19,
surprise:0.00,0.00,0.00,0.00,
binomial0.1
anger:0.29,0.12,0.25,0.36,
contempt:0.00,0.00,0.00,0.00,
disgust:0.00,0.00,0.00,0.00,
fear:0.00,0.00,0.00,0.00,
happy:0.47,0.55,0.53,0.47,
sadness:0.23,0.33,0.22,0.17,
surprise:0.00,0.00,0.00,0.00,

ldbn_2lys_625_250_100_rdbn_2lys_625_250_100_t250
active_h
anger:0.27,0.08,0.29,0.18,
contempt:0.00,0.00,0.00,0.00,
disgust:0.00,0.00,0.00,0.00,
fear:0.00,0.00,0.00,0.00,
happy:0.50,0.58,0.57,0.67,
sadness:0.23,0.34,0.14,0.15,
surprise:0.00,0.00,0.00,0.00,
v_noisy_active_h
anger:0.27,0.08,0.26,0.20,
contempt:0.00,0.00,0.00,0.00,
disgust:0.00,0.00,0.00,0.00,
fear:0.00,0.00,0.00,0.00,
happy:0.50,0.56,0.59,0.66,
sadness:0.23,0.36,0.14,0.14,
surprise:0.00,0.00,0.00,0.00,
zero
anger:0.27,0.09,0.24,0.19,
contempt:0.00,0.00,0.00,0.00,
disgust:0.00,0.00,0.00,0.00,
fear:0.00,0.00,0.00,0.00,
happy:0.50,0.55,0.59,0.69,
sadness:0.23,0.36,0.16,0.13,
surprise:0.00,0.00,0.00,0.00,
binomial0.1
anger:0.27,0.08,0.28,0.21,
contempt:0.00,0.00,0.00,0.00,
disgust:0.00,0.00,0.00,0.00,
fear:0.00,0.00,0.00,0.00,
happy:0.50,0.58,0.54,0.64,
sadness:0.23,0.34,0.18,0.16,
surprise:0.00,0.00,0.00,0.00,

ldbn_2lys_625_250_100_rdbn_2lys_625_250_100_t50
active_h
anger:0.22,0.20,0.15,0.14,
contempt:0.00,0.00,0.00,0.00,
disgust:0.00,0.00,0.00,0.00,
fear:0.00,0.00,0.00,0.00,
happy:0.61,0.63,0.67,0.66,
sadness:0.17,0.17,0.18,0.21,
surprise:0.00,0.00,0.00,0.00,
v_noisy_active_h
anger:0.22,0.22,0.17,0.17,
contempt:0.00,0.00,0.00,0.00,
disgust:0.00,0.00,0.00,0.00,
fear:0.00,0.00,0.00,0.00,
happy:0.61,0.59,0.67,0.64,
sadness:0.17,0.19,0.16,0.19,
surprise:0.00,0.00,0.00,0.00,
zero
anger:0.22,0.38,0.27,0.40,
contempt:0.00,0.00,0.00,0.00,
disgust:0.00,0.00,0.00,0.00,
fear:0.00,0.00,0.00,0.00,
happy:0.61,0.35,0.42,0.45,
sadness:0.17,0.27,0.31,0.14,
surprise:0.00,0.00,0.00,0.00,
binomial0.1
anger:0.22,0.24,0.19,0.21,
contempt:0.00,0.00,0.00,0.00,
disgust:0.00,0.00,0.00,0.00,
fear:0.00,0.00,0.00,0.00,
happy:0.61,0.56,0.60,0.61,
sadness:0.17,0.20,0.20,0.18,
surprise:0.00,0.00,0.00,0.00,

ldbn_2lys_625_250_100_rdbn_2lys_625_250_100_t100
active_h
anger:0.18,0.13,0.13,0.15,
contempt:0.00,0.00,0.00,0.00,
disgust:0.00,0.00,0.00,0.00,
fear:0.00,0.00,0.00,0.00,
happy:0.67,0.80,0.83,0.77,
sadness:0.14,0.07,0.05,0.08,
surprise:0.00,0.00,0.00,0.00,
v_noisy_active_h
anger:0.18,0.15,0.12,0.13,
contempt:0.00,0.00,0.00,0.00,
disgust:0.00,0.00,0.00,0.00,
fear:0.00,0.00,0.00,0.00,
happy:0.67,0.72,0.74,0.72,
sadness:0.14,0.13,0.14,0.15,
surprise:0.00,0.00,0.00,0.00,
zero
anger:0.18,0.35,0.32,0.25,
contempt:0.00,0.00,0.00,0.00,
disgust:0.00,0.00,0.00,0.00,
fear:0.00,0.00,0.00,0.00,
happy:0.67,0.50,0.42,0.51,
sadness:0.14,0.15,0.26,0.23,
surprise:0.00,0.00,0.00,0.00,
binomial0.1
anger:0.18,0.20,0.20,0.18,
contempt:0.00,0.00,0.00,0.00,
disgust:0.00,0.00,0.00,0.00,
fear:0.00,0.00,0.00,0.00,
happy:0.67,0.65,0.65,0.65,
sadness:0.14,0.15,0.15,0.17,
surprise:0.00,0.00,0.00,0.00,

ldbn_2lys_625_250_100_rdbn_2lys_625_250_100_t250
active_h
anger:0.13,0.13,0.13,0.06,
contempt:0.00,0.00,0.00,0.00,
disgust:0.00,0.00,0.00,0.00,
fear:0.00,0.00,0.00,0.00,
happy:0.72,0.71,0.73,0.81,
sadness:0.15,0.16,0.14,0.13,
surprise:0.00,0.00,0.00,0.00,
v_noisy_active_h
anger:0.13,0.13,0.11,0.10,
contempt:0.00,0.00,0.00,0.00,
disgust:0.00,0.00,0.00,0.00,
fear:0.00,0.00,0.00,0.00,
happy:0.72,0.74,0.75,0.75,
sadness:0.15,0.13,0.15,0.15,
surprise:0.00,0.00,0.00,0.00,
zero
anger:0.13,0.20,0.21,0.30,
contempt:0.00,0.00,0.00,0.00,
disgust:0.00,0.00,0.00,0.00,
fear:0.00,0.00,0.00,0.00,
happy:0.72,0.54,0.57,0.48,
sadness:0.15,0.26,0.22,0.22,
surprise:0.00,0.00,0.00,0.00,
binomial0.1
anger:0.13,0.14,0.15,0.13,
contempt:0.00,0.00,0.00,0.00,
disgust:0.00,0.00,0.00,0.00,
fear:0.00,0.00,0.00,0.00,
happy:0.72,0.72,0.71,0.70,
sadness:0.15,0.14,0.14,0.17,
surprise:0.00,0.00,0.00,0.00,

ldbn_2lys_625_250_100_rdbn_2lys_625_250_100_t50
active_h
anger:0.24,0.22,0.24,0.23,
contempt:0.00,0.00,0.00,0.00,
disgust:0.00,0.00,0.00,0.00,
fear:0.00,0.00,0.00,0.00,
happy:0.64,0.58,0.56,0.55,
sadness:0.12,0.20,0.21,0.21,
surprise:0.00,0.00,0.00,0.00,
v_noisy_active_h
anger:0.24,0.25,0.24,0.20,
contempt:0.00,0.00,0.00,0.00,
disgust:0.00,0.00,0.00,0.00,
fear:0.00,0.00,0.00,0.00,
happy:0.64,0.54,0.56,0.58,
sadness:0.12,0.21,0.21,0.22,
surprise:0.00,0.00,0.00,0.00,
zero
anger:0.24,0.22,0.23,0.17,
contempt:0.00,0.00,0.00,0.00,
disgust:0.00,0.00,0.00,0.00,
fear:0.00,0.00,0.00,0.00,
happy:0.64,0.60,0.59,0.67,
sadness:0.12,0.19,0.19,0.17,
surprise:0.00,0.00,0.00,0.00,
binomial0.1
anger:0.24,0.24,0.25,0.20,
contempt:0.00,0.00,0.00,0.00,
disgust:0.00,0.00,0.00,0.00,
fear:0.00,0.00,0.00,0.00,
happy:0.64,0.55,0.52,0.55,
sadness:0.12,0.21,0.24,0.24,
surprise:0.00,0.00,0.00,0.00,

ldbn_2lys_625_250_100_rdbn_2lys_625_250_100_t100
active_h
anger:0.25,0.21,0.27,0.25,
contempt:0.00,0.00,0.00,0.00,
disgust:0.00,0.00,0.00,0.00,
fear:0.00,0.00,0.00,0.00,
happy:0.63,0.53,0.48,0.54,
sadness:0.12,0.26,0.25,0.20,
surprise:0.00,0.00,0.00,0.00,
v_noisy_active_h
anger:0.25,0.21,0.26,0.25,
contempt:0.00,0.00,0.00,0.00,
disgust:0.00,0.00,0.00,0.00,
fear:0.00,0.00,0.00,0.00,
happy:0.63,0.53,0.50,0.56,
sadness:0.12,0.26,0.24,0.19,
surprise:0.00,0.00,0.00,0.00,
zero
anger:0.25,0.21,0.22,0.20,
contempt:0.00,0.00,0.00,0.00,
disgust:0.00,0.00,0.00,0.00,
fear:0.00,0.00,0.00,0.00,
happy:0.63,0.56,0.57,0.62,
sadness:0.12,0.23,0.22,0.18,
surprise:0.00,0.00,0.00,0.00,
binomial0.1
anger:0.25,0.22,0.24,0.23,
contempt:0.00,0.00,0.00,0.00,
disgust:0.00,0.00,0.00,0.00,
fear:0.00,0.00,0.00,0.00,
happy:0.63,0.58,0.51,0.60,
sadness:0.12,0.20,0.25,0.18,
surprise:0.00,0.00,0.00,0.00,

ldbn_2lys_625_250_100_rdbn_2lys_625_250_100_t250
active_h
anger:0.17,0.15,0.20,0.14,
contempt:0.00,0.00,0.00,0.00,
disgust:0.00,0.00,0.00,0.00,
fear:0.00,0.00,0.00,0.00,
happy:0.68,0.61,0.58,0.67,
sadness:0.15,0.24,0.21,0.19,
surprise:0.00,0.00,0.00,0.00,
v_noisy_active_h
anger:0.17,0.15,0.18,0.16,
contempt:0.00,0.00,0.00,0.00,
disgust:0.00,0.00,0.00,0.00,
fear:0.00,0.00,0.00,0.00,
happy:0.68,0.60,0.61,0.64,
sadness:0.15,0.25,0.20,0.20,
surprise:0.00,0.00,0.00,0.00,
zero
anger:0.17,0.14,0.17,0.19,
contempt:0.00,0.00,0.00,0.00,
disgust:0.00,0.00,0.00,0.00,
fear:0.00,0.00,0.00,0.00,
happy:0.68,0.62,0.63,0.62,
sadness:0.15,0.24,0.20,0.19,
surprise:0.00,0.00,0.00,0.00,
binomial0.1
anger:0.17,0.14,0.19,0.17,
contempt:0.00,0.00,0.00,0.00,
disgust:0.00,0.00,0.00,0.00,
fear:0.00,0.00,0.00,0.00,
happy:0.68,0.62,0.59,0.67,
sadness:0.15,0.23,0.22,0.17,
surprise:0.00,0.00,0.00,0.00,

ldbn_2lys_625_250_100_rdbn_2lys_625_250_100_t50
active_h
anger:0.31,0.16,0.32,0.20,
contempt:0.00,0.00,0.00,0.00,
disgust:0.00,0.00,0.00,0.00,
fear:0.00,0.00,0.00,0.00,
happy:0.53,0.70,0.52,0.52,
sadness:0.16,0.14,0.17,0.28,
surprise:0.00,0.00,0.00,0.00,
v_noisy_active_h
anger:0.31,0.16,0.34,0.17,
contempt:0.00,0.00,0.00,0.00,
disgust:0.00,0.00,0.00,0.00,
fear:0.00,0.00,0.00,0.00,
happy:0.53,0.68,0.52,0.51,
sadness:0.16,0.16,0.14,0.31,
surprise:0.00,0.00,0.00,0.00,
zero
anger:0.31,0.16,0.32,0.20,
contempt:0.00,0.00,0.00,0.00,
disgust:0.00,0.00,0.00,0.00,
fear:0.00,0.00,0.00,0.00,
happy:0.53,0.72,0.53,0.54,
sadness:0.16,0.13,0.15,0.26,
surprise:0.00,0.00,0.00,0.00,
binomial0.1
anger:0.31,0.17,0.32,0.16,
contempt:0.00,0.00,0.00,0.00,
disgust:0.00,0.00,0.00,0.00,
fear:0.00,0.00,0.00,0.00,
happy:0.53,0.69,0.55,0.51,
sadness:0.16,0.14,0.14,0.32,
surprise:0.00,0.00,0.00,0.00,

ldbn_2lys_625_250_100_rdbn_2lys_625_250_100_t100
active_h
anger:0.31,0.17,0.18,0.16,
contempt:0.00,0.00,0.00,0.00,
disgust:0.00,0.00,0.00,0.00,
fear:0.00,0.00,0.00,0.00,
happy:0.58,0.65,0.71,0.49,
sadness:0.11,0.19,0.10,0.35,
surprise:0.00,0.00,0.00,0.00,
v_noisy_active_h
anger:0.31,0.17,0.18,0.15,
contempt:0.00,0.00,0.00,0.00,
disgust:0.00,0.00,0.00,0.00,
fear:0.00,0.00,0.00,0.00,
happy:0.58,0.64,0.71,0.48,
sadness:0.11,0.18,0.11,0.36,
surprise:0.00,0.00,0.00,0.00,
zero
anger:0.31,0.17,0.16,0.14,
contempt:0.00,0.00,0.00,0.00,
disgust:0.00,0.00,0.00,0.00,
fear:0.00,0.00,0.00,0.00,
happy:0.58,0.65,0.74,0.52,
sadness:0.11,0.18,0.11,0.34,
surprise:0.00,0.00,0.00,0.00,
binomial0.1
anger:0.31,0.18,0.18,0.14,
contempt:0.00,0.00,0.00,0.00,
disgust:0.00,0.00,0.00,0.00,
fear:0.00,0.00,0.00,0.00,
happy:0.58,0.65,0.72,0.50,
sadness:0.11,0.17,0.10,0.36,
surprise:0.00,0.00,0.00,0.00,

ldbn_2lys_625_250_100_rdbn_2lys_625_250_100_t250
active_h
anger:0.30,0.11,0.19,0.17,
contempt:0.00,0.00,0.00,0.00,
disgust:0.00,0.00,0.00,0.00,
fear:0.00,0.00,0.00,0.00,
happy:0.56,0.73,0.72,0.64,
sadness:0.14,0.16,0.09,0.19,
surprise:0.00,0.00,0.00,0.00,
v_noisy_active_h
anger:0.30,0.10,0.19,0.19,
contempt:0.00,0.00,0.00,0.00,
disgust:0.00,0.00,0.00,0.00,
fear:0.00,0.00,0.00,0.00,
happy:0.56,0.74,0.69,0.61,
sadness:0.14,0.16,0.12,0.21,
surprise:0.00,0.00,0.00,0.00,
zero
anger:0.30,0.12,0.17,0.18,
contempt:0.00,0.00,0.00,0.00,
disgust:0.00,0.00,0.00,0.00,
fear:0.00,0.00,0.00,0.00,
happy:0.56,0.72,0.71,0.65,
sadness:0.14,0.16,0.11,0.17,
surprise:0.00,0.00,0.00,0.00,
binomial0.1
anger:0.30,0.11,0.19,0.18,
contempt:0.00,0.00,0.00,0.00,
disgust:0.00,0.00,0.00,0.00,
fear:0.00,0.00,0.00,0.00,
happy:0.56,0.74,0.70,0.62,
sadness:0.14,0.15,0.11,0.20,
surprise:0.00,0.00,0.00,0.00,

ldbn_2lys_625_250_100_rdbn_2lys_625_250_100_t50
active_h
anger:0.28,0.12,0.12,0.07,
contempt:0.00,0.00,0.00,0.00,
disgust:0.00,0.00,0.00,0.00,
fear:0.00,0.00,0.00,0.00,
happy:0.56,0.55,0.56,0.67,
sadness:0.16,0.33,0.32,0.26,
surprise:0.00,0.00,0.00,0.00,
v_noisy_active_h
anger:0.28,0.16,0.13,0.13,
contempt:0.00,0.00,0.00,0.00,
disgust:0.00,0.00,0.00,0.00,
fear:0.00,0.00,0.00,0.00,
happy:0.56,0.64,0.64,0.66,
sadness:0.16,0.20,0.23,0.22,
surprise:0.00,0.00,0.00,0.00,
zero
anger:0.28,0.42,0.52,0.47,
contempt:0.00,0.00,0.00,0.00,
disgust:0.00,0.00,0.00,0.00,
fear:0.00,0.00,0.00,0.00,
happy:0.56,0.43,0.37,0.35,
sadness:0.16,0.15,0.11,0.18,
surprise:0.00,0.00,0.00,0.00,
binomial0.1
anger:0.28,0.20,0.20,0.23,
contempt:0.00,0.00,0.00,0.00,
disgust:0.00,0.00,0.00,0.00,
fear:0.00,0.00,0.00,0.00,
happy:0.56,0.64,0.58,0.60,
sadness:0.16,0.15,0.21,0.17,
surprise:0.00,0.00,0.00,0.00,

ldbn_2lys_625_250_100_rdbn_2lys_625_250_100_t100
active_h
anger:0.17,0.07,0.05,0.10,
contempt:0.00,0.00,0.00,0.00,
disgust:0.00,0.00,0.00,0.00,
fear:0.00,0.00,0.00,0.00,
happy:0.69,0.82,0.82,0.78,
sadness:0.14,0.11,0.14,0.12,
surprise:0.00,0.00,0.00,0.00,
v_noisy_active_h
anger:0.17,0.14,0.16,0.16,
contempt:0.00,0.00,0.00,0.00,
disgust:0.00,0.00,0.00,0.00,
fear:0.00,0.00,0.00,0.00,
happy:0.69,0.71,0.67,0.71,
sadness:0.14,0.15,0.17,0.13,
surprise:0.00,0.00,0.00,0.00,
zero
anger:0.17,0.20,0.38,0.32,
contempt:0.00,0.00,0.00,0.00,
disgust:0.00,0.00,0.00,0.00,
fear:0.00,0.00,0.00,0.00,
happy:0.69,0.61,0.52,0.57,
sadness:0.14,0.19,0.10,0.11,
surprise:0.00,0.00,0.00,0.00,
binomial0.1
anger:0.17,0.17,0.16,0.17,
contempt:0.00,0.00,0.00,0.00,
disgust:0.00,0.00,0.00,0.00,
fear:0.00,0.00,0.00,0.00,
happy:0.69,0.67,0.68,0.69,
sadness:0.14,0.16,0.17,0.14,
surprise:0.00,0.00,0.00,0.00,

ldbn_2lys_625_250_100_rdbn_2lys_625_250_100_t250
active_h
anger:0.15,0.15,0.16,0.20,
contempt:0.00,0.00,0.00,0.00,
disgust:0.00,0.00,0.00,0.00,
fear:0.00,0.00,0.00,0.00,
happy:0.72,0.65,0.65,0.50,
sadness:0.14,0.20,0.19,0.30,
surprise:0.00,0.00,0.00,0.00,
v_noisy_active_h
anger:0.15,0.18,0.19,0.19,
contempt:0.00,0.00,0.00,0.00,
disgust:0.00,0.00,0.00,0.00,
fear:0.00,0.00,0.00,0.00,
happy:0.72,0.66,0.66,0.60,
sadness:0.14,0.16,0.15,0.22,
surprise:0.00,0.00,0.00,0.00,
zero
anger:0.15,0.35,0.24,0.33,
contempt:0.00,0.00,0.00,0.00,
disgust:0.00,0.00,0.00,0.00,
fear:0.00,0.00,0.00,0.00,
happy:0.72,0.55,0.65,0.60,
sadness:0.14,0.10,0.11,0.08,
surprise:0.00,0.00,0.00,0.00,
binomial0.1
anger:0.15,0.17,0.18,0.16,
contempt:0.00,0.00,0.00,0.00,
disgust:0.00,0.00,0.00,0.00,
fear:0.00,0.00,0.00,0.00,
happy:0.72,0.70,0.66,0.64,
sadness:0.14,0.12,0.16,0.20,
surprise:0.00,0.00,0.00,0.00,

ldbn_2lys_625_250_100_rdbn_2lys_625_250_100_t50
active_h
anger:0.16,0.14,0.13,0.13,
contempt:0.00,0.00,0.00,0.00,
disgust:0.00,0.00,0.00,0.00,
fear:0.00,0.00,0.00,0.00,
happy:0.68,0.65,0.67,0.67,
sadness:0.15,0.21,0.21,0.20,
surprise:0.00,0.00,0.00,0.00,
v_noisy_active_h
anger:0.16,0.13,0.12,0.15,
contempt:0.00,0.00,0.00,0.00,
disgust:0.00,0.00,0.00,0.00,
fear:0.00,0.00,0.00,0.00,
happy:0.68,0.68,0.65,0.65,
sadness:0.15,0.19,0.24,0.20,
surprise:0.00,0.00,0.00,0.00,
zero
anger:0.16,0.16,0.13,0.12,
contempt:0.00,0.00,0.00,0.00,
disgust:0.00,0.00,0.00,0.00,
fear:0.00,0.00,0.00,0.00,
happy:0.68,0.65,0.68,0.70,
sadness:0.15,0.19,0.19,0.18,
surprise:0.00,0.00,0.00,0.00,
binomial0.1
anger:0.16,0.14,0.12,0.11,
contempt:0.00,0.00,0.00,0.00,
disgust:0.00,0.00,0.00,0.00,
fear:0.00,0.00,0.00,0.00,
happy:0.68,0.69,0.66,0.69,
sadness:0.15,0.16,0.22,0.20,
surprise:0.00,0.00,0.00,0.00,

ldbn_2lys_625_250_100_rdbn_2lys_625_250_100_t100
active_h
anger:0.19,0.16,0.17,0.14,
contempt:0.00,0.00,0.00,0.00,
disgust:0.00,0.00,0.00,0.00,
fear:0.00,0.00,0.00,0.00,
happy:0.67,0.55,0.65,0.65,
sadness:0.15,0.28,0.19,0.20,
surprise:0.00,0.00,0.00,0.00,
v_noisy_active_h
anger:0.19,0.16,0.19,0.18,
contempt:0.00,0.00,0.00,0.00,
disgust:0.00,0.00,0.00,0.00,
fear:0.00,0.00,0.00,0.00,
happy:0.67,0.63,0.62,0.61,
sadness:0.15,0.20,0.18,0.21,
surprise:0.00,0.00,0.00,0.00,
zero
anger:0.19,0.24,0.21,0.20,
contempt:0.00,0.00,0.00,0.00,
disgust:0.00,0.00,0.00,0.00,
fear:0.00,0.00,0.00,0.00,
happy:0.67,0.54,0.62,0.61,
sadness:0.15,0.22,0.17,0.18,
surprise:0.00,0.00,0.00,0.00,
binomial0.1
anger:0.19,0.18,0.18,0.15,
contempt:0.00,0.00,0.00,0.00,
disgust:0.00,0.00,0.00,0.00,
fear:0.00,0.00,0.00,0.00,
happy:0.67,0.60,0.64,0.65,
sadness:0.15,0.22,0.18,0.20,
surprise:0.00,0.00,0.00,0.00,

ldbn_2lys_625_250_100_rdbn_2lys_625_250_100_t250
active_h
anger:0.19,0.20,0.16,0.16,
contempt:0.00,0.00,0.00,0.00,
disgust:0.00,0.00,0.00,0.00,
fear:0.00,0.00,0.00,0.00,
happy:0.60,0.64,0.68,0.69,
sadness:0.21,0.16,0.15,0.15,
surprise:0.00,0.00,0.00,0.00,
v_noisy_active_h
anger:0.19,0.21,0.15,0.15,
contempt:0.00,0.00,0.00,0.00,
disgust:0.00,0.00,0.00,0.00,
fear:0.00,0.00,0.00,0.00,
happy:0.60,0.61,0.68,0.69,
sadness:0.21,0.18,0.17,0.16,
surprise:0.00,0.00,0.00,0.00,
zero
anger:0.19,0.23,0.18,0.22,
contempt:0.00,0.00,0.00,0.00,
disgust:0.00,0.00,0.00,0.00,
fear:0.00,0.00,0.00,0.00,
happy:0.60,0.48,0.55,0.52,
sadness:0.21,0.29,0.26,0.26,
surprise:0.00,0.00,0.00,0.00,
binomial0.1
anger:0.19,0.18,0.18,0.17,
contempt:0.00,0.00,0.00,0.00,
disgust:0.00,0.00,0.00,0.00,
fear:0.00,0.00,0.00,0.00,
happy:0.60,0.60,0.60,0.63,
sadness:0.21,0.22,0.21,0.20,
surprise:0.00,0.00,0.00,0.00,

ldbn_2lys_625_250_100_rdbn_2lys_625_250_100_t50
active_h
anger:0.05,0.25,0.35,0.32,
contempt:0.00,0.00,0.00,0.00,
disgust:0.00,0.00,0.00,0.00,
fear:0.00,0.00,0.00,0.00,
happy:0.84,0.46,0.31,0.54,
sadness:0.12,0.29,0.34,0.14,
surprise:0.00,0.00,0.00,0.00,
v_noisy_active_h
anger:0.05,0.21,0.35,0.32,
contempt:0.00,0.00,0.00,0.00,
disgust:0.00,0.00,0.00,0.00,
fear:0.00,0.00,0.00,0.00,
happy:0.84,0.48,0.33,0.54,
sadness:0.12,0.31,0.33,0.14,
surprise:0.00,0.00,0.00,0.00,
zero
anger:0.05,0.21,0.34,0.36,
contempt:0.00,0.00,0.00,0.00,
disgust:0.00,0.00,0.00,0.00,
fear:0.00,0.00,0.00,0.00,
happy:0.84,0.49,0.34,0.51,
sadness:0.12,0.31,0.32,0.13,
surprise:0.00,0.00,0.00,0.00,
binomial0.1
anger:0.05,0.26,0.34,0.33,
contempt:0.00,0.00,0.00,0.00,
disgust:0.00,0.00,0.00,0.00,
fear:0.00,0.00,0.00,0.00,
happy:0.84,0.43,0.35,0.53,
sadness:0.12,0.31,0.31,0.13,
surprise:0.00,0.00,0.00,0.00,

ldbn_2lys_625_250_100_rdbn_2lys_625_250_100_t100
active_h
anger:0.05,0.28,0.39,0.34,
contempt:0.00,0.00,0.00,0.00,
disgust:0.00,0.00,0.00,0.00,
fear:0.00,0.00,0.00,0.00,
happy:0.85,0.39,0.24,0.52,
sadness:0.10,0.33,0.37,0.14,
surprise:0.00,0.00,0.00,0.00,
v_noisy_active_h
anger:0.05,0.27,0.39,0.33,
contempt:0.00,0.00,0.00,0.00,
disgust:0.00,0.00,0.00,0.00,
fear:0.00,0.00,0.00,0.00,
happy:0.85,0.43,0.27,0.53,
sadness:0.10,0.30,0.33,0.14,
surprise:0.00,0.00,0.00,0.00,
zero
anger:0.05,0.26,0.34,0.32,
contempt:0.00,0.00,0.00,0.00,
disgust:0.00,0.00,0.00,0.00,
fear:0.00,0.00,0.00,0.00,
happy:0.85,0.42,0.30,0.53,
sadness:0.10,0.32,0.36,0.15,
surprise:0.00,0.00,0.00,0.00,
binomial0.1
anger:0.05,0.25,0.35,0.31,
contempt:0.00,0.00,0.00,0.00,
disgust:0.00,0.00,0.00,0.00,
fear:0.00,0.00,0.00,0.00,
happy:0.85,0.42,0.31,0.55,
sadness:0.10,0.33,0.34,0.14,
surprise:0.00,0.00,0.00,0.00,

ldbn_2lys_625_250_100_rdbn_2lys_625_250_100_t250
active_h
anger:0.02,0.26,0.23,0.34,
contempt:0.00,0.00,0.00,0.00,
disgust:0.00,0.00,0.00,0.00,
fear:0.00,0.00,0.00,0.00,
happy:0.86,0.40,0.41,0.50,
sadness:0.11,0.34,0.35,0.15,
surprise:0.00,0.00,0.00,0.00,
v_noisy_active_h
anger:0.02,0.29,0.24,0.34,
contempt:0.00,0.00,0.00,0.00,
disgust:0.00,0.00,0.00,0.00,
fear:0.00,0.00,0.00,0.00,
happy:0.86,0.38,0.42,0.53,
sadness:0.11,0.33,0.35,0.13,
surprise:0.00,0.00,0.00,0.00,
zero
anger:0.02,0.31,0.22,0.31,
contempt:0.00,0.00,0.00,0.00,
disgust:0.00,0.00,0.00,0.00,
fear:0.00,0.00,0.00,0.00,
happy:0.86,0.41,0.43,0.54,
sadness:0.11,0.28,0.35,0.15,
surprise:0.00,0.00,0.00,0.00,
binomial0.1
anger:0.02,0.26,0.21,0.32,
contempt:0.00,0.00,0.00,0.00,
disgust:0.00,0.00,0.00,0.00,
fear:0.00,0.00,0.00,0.00,
happy:0.86,0.41,0.43,0.54,
sadness:0.11,0.32,0.36,0.14,
surprise:0.00,0.00,0.00,0.00,

ldbn_2lys_625_250_100_rdbn_2lys_625_250_100_t50
active_h
anger:0.22,0.22,0.23,0.29,
contempt:0.00,0.00,0.00,0.00,
disgust:0.00,0.00,0.00,0.00,
fear:0.00,0.00,0.00,0.00,
happy:0.57,0.53,0.56,0.46,
sadness:0.20,0.26,0.21,0.25,
surprise:0.00,0.00,0.00,0.00,
v_noisy_active_h
anger:0.22,0.23,0.21,0.24,
contempt:0.00,0.00,0.00,0.00,
disgust:0.00,0.00,0.00,0.00,
fear:0.00,0.00,0.00,0.00,
happy:0.57,0.58,0.65,0.61,
sadness:0.20,0.19,0.15,0.15,
surprise:0.00,0.00,0.00,0.00,
zero
anger:0.22,0.09,0.10,0.08,
contempt:0.00,0.00,0.00,0.00,
disgust:0.00,0.00,0.00,0.00,
fear:0.00,0.00,0.00,0.00,
happy:0.57,0.72,0.57,0.69,
sadness:0.20,0.19,0.32,0.23,
surprise:0.00,0.00,0.00,0.00,
binomial0.1
anger:0.22,0.20,0.22,0.21,
contempt:0.00,0.00,0.00,0.00,
disgust:0.00,0.00,0.00,0.00,
fear:0.00,0.00,0.00,0.00,
happy:0.57,0.63,0.59,0.61,
sadness:0.20,0.17,0.18,0.19,
surprise:0.00,0.00,0.00,0.00,

ldbn_2lys_625_250_100_rdbn_2lys_625_250_100_t100
active_h
anger:0.23,0.27,0.29,0.22,
contempt:0.00,0.00,0.00,0.00,
disgust:0.00,0.00,0.00,0.00,
fear:0.00,0.00,0.00,0.00,
happy:0.64,0.68,0.59,0.70,
sadness:0.13,0.05,0.12,0.08,
surprise:0.00,0.00,0.00,0.00,
v_noisy_active_h
anger:0.23,0.23,0.24,0.20,
contempt:0.00,0.00,0.00,0.00,
disgust:0.00,0.00,0.00,0.00,
fear:0.00,0.00,0.00,0.00,
happy:0.64,0.67,0.63,0.70,
sadness:0.13,0.10,0.13,0.09,
surprise:0.00,0.00,0.00,0.00,
zero
anger:0.23,0.09,0.16,0.12,
contempt:0.00,0.00,0.00,0.00,
disgust:0.00,0.00,0.00,0.00,
fear:0.00,0.00,0.00,0.00,
happy:0.64,0.70,0.58,0.65,
sadness:0.13,0.21,0.26,0.23,
surprise:0.00,0.00,0.00,0.00,
binomial0.1
anger:0.23,0.21,0.21,0.19,
contempt:0.00,0.00,0.00,0.00,
disgust:0.00,0.00,0.00,0.00,
fear:0.00,0.00,0.00,0.00,
happy:0.64,0.64,0.63,0.67,
sadness:0.13,0.15,0.17,0.15,
surprise:0.00,0.00,0.00,0.00,

ldbn_2lys_625_250_100_rdbn_2lys_625_250_100_t250
active_h
anger:0.16,0.16,0.27,0.33,
contempt:0.00,0.00,0.00,0.00,
disgust:0.00,0.00,0.00,0.00,
fear:0.00,0.00,0.00,0.00,
happy:0.76,0.77,0.60,0.47,
sadness:0.08,0.07,0.12,0.20,
surprise:0.00,0.00,0.00,0.00,
v_noisy_active_h
anger:0.16,0.19,0.21,0.26,
contempt:0.00,0.00,0.00,0.00,
disgust:0.00,0.00,0.00,0.00,
fear:0.00,0.00,0.00,0.00,
happy:0.76,0.71,0.67,0.63,
sadness:0.08,0.10,0.12,0.11,
surprise:0.00,0.00,0.00,0.00,
zero
anger:0.16,0.10,0.21,0.12,
contempt:0.00,0.00,0.00,0.00,
disgust:0.00,0.00,0.00,0.00,
fear:0.00,0.00,0.00,0.00,
happy:0.76,0.83,0.63,0.69,
sadness:0.08,0.06,0.16,0.18,
surprise:0.00,0.00,0.00,0.00,
binomial0.1
anger:0.16,0.17,0.20,0.19,
contempt:0.00,0.00,0.00,0.00,
disgust:0.00,0.00,0.00,0.00,
fear:0.00,0.00,0.00,0.00,
happy:0.76,0.70,0.68,0.67,
sadness:0.08,0.13,0.12,0.14,
surprise:0.00,0.00,0.00,0.00,

ldbn_2lys_625_250_100_rdbn_2lys_625_250_100_t50
active_h
anger:0.16,0.26,0.33,0.29,
contempt:0.00,0.00,0.00,0.00,
disgust:0.00,0.00,0.00,0.00,
fear:0.00,0.00,0.00,0.00,
happy:0.68,0.56,0.46,0.55,
sadness:0.17,0.18,0.21,0.16,
surprise:0.00,0.00,0.00,0.00,
v_noisy_active_h
anger:0.16,0.28,0.32,0.30,
contempt:0.00,0.00,0.00,0.00,
disgust:0.00,0.00,0.00,0.00,
fear:0.00,0.00,0.00,0.00,
happy:0.68,0.55,0.46,0.52,
sadness:0.17,0.17,0.22,0.18,
surprise:0.00,0.00,0.00,0.00,
zero
anger:0.16,0.27,0.30,0.26,
contempt:0.00,0.00,0.00,0.00,
disgust:0.00,0.00,0.00,0.00,
fear:0.00,0.00,0.00,0.00,
happy:0.68,0.58,0.51,0.59,
sadness:0.17,0.16,0.19,0.15,
surprise:0.00,0.00,0.00,0.00,
binomial0.1
anger:0.16,0.26,0.34,0.28,
contempt:0.00,0.00,0.00,0.00,
disgust:0.00,0.00,0.00,0.00,
fear:0.00,0.00,0.00,0.00,
happy:0.68,0.56,0.47,0.53,
sadness:0.17,0.17,0.19,0.19,
surprise:0.00,0.00,0.00,0.00,

ldbn_2lys_625_250_100_rdbn_2lys_625_250_100_t100
active_h
anger:0.20,0.31,0.28,0.27,
contempt:0.00,0.00,0.00,0.00,
disgust:0.00,0.00,0.00,0.00,
fear:0.00,0.00,0.00,0.00,
happy:0.60,0.48,0.50,0.57,
sadness:0.19,0.21,0.23,0.17,
surprise:0.00,0.00,0.00,0.00,
v_noisy_active_h
anger:0.20,0.30,0.31,0.29,
contempt:0.00,0.00,0.00,0.00,
disgust:0.00,0.00,0.00,0.00,
fear:0.00,0.00,0.00,0.00,
happy:0.60,0.50,0.49,0.53,
sadness:0.19,0.20,0.19,0.18,
surprise:0.00,0.00,0.00,0.00,
zero
anger:0.20,0.22,0.21,0.18,
contempt:0.00,0.00,0.00,0.00,
disgust:0.00,0.00,0.00,0.00,
fear:0.00,0.00,0.00,0.00,
happy:0.60,0.53,0.53,0.60,
sadness:0.19,0.26,0.26,0.22,
surprise:0.00,0.00,0.00,0.00,
binomial0.1
anger:0.20,0.25,0.25,0.22,
contempt:0.00,0.00,0.00,0.00,
disgust:0.00,0.00,0.00,0.00,
fear:0.00,0.00,0.00,0.00,
happy:0.60,0.51,0.52,0.60,
sadness:0.19,0.24,0.23,0.18,
surprise:0.00,0.00,0.00,0.00,

ldbn_2lys_625_250_100_rdbn_2lys_625_250_100_t250
active_h
anger:0.21,0.21,0.21,0.22,
contempt:0.00,0.00,0.00,0.00,
disgust:0.00,0.00,0.00,0.00,
fear:0.00,0.00,0.00,0.00,
happy:0.56,0.61,0.56,0.65,
sadness:0.23,0.18,0.24,0.13,
surprise:0.00,0.00,0.00,0.00,
v_noisy_active_h
anger:0.21,0.20,0.21,0.20,
contempt:0.00,0.00,0.00,0.00,
disgust:0.00,0.00,0.00,0.00,
fear:0.00,0.00,0.00,0.00,
happy:0.56,0.61,0.53,0.63,
sadness:0.23,0.20,0.26,0.17,
surprise:0.00,0.00,0.00,0.00,
zero
anger:0.21,0.21,0.28,0.22,
contempt:0.00,0.00,0.00,0.00,
disgust:0.00,0.00,0.00,0.00,
fear:0.00,0.00,0.00,0.00,
happy:0.56,0.52,0.46,0.54,
sadness:0.23,0.28,0.26,0.24,
surprise:0.00,0.00,0.00,0.00,
binomial0.1
anger:0.21,0.21,0.22,0.19,
contempt:0.00,0.00,0.00,0.00,
disgust:0.00,0.00,0.00,0.00,
fear:0.00,0.00,0.00,0.00,
happy:0.56,0.58,0.51,0.62,
sadness:0.23,0.21,0.27,0.19,
surprise:0.00,0.00,0.00,0.00,

ldbn_2lys_625_250_100_rdbn_2lys_625_250_100_t50
active_h
anger:0.20,0.26,0.08,0.19,
contempt:0.00,0.00,0.00,0.00,
disgust:0.00,0.00,0.00,0.00,
fear:0.00,0.00,0.00,0.00,
happy:0.41,0.68,0.65,0.68,
sadness:0.39,0.06,0.28,0.14,
surprise:0.00,0.00,0.00,0.00,
v_noisy_active_h
anger:0.20,0.24,0.08,0.18,
contempt:0.00,0.00,0.00,0.00,
disgust:0.00,0.00,0.00,0.00,
fear:0.00,0.00,0.00,0.00,
happy:0.41,0.68,0.63,0.70,
sadness:0.39,0.08,0.28,0.13,
surprise:0.00,0.00,0.00,0.00,
zero
anger:0.20,0.23,0.06,0.18,
contempt:0.00,0.00,0.00,0.00,
disgust:0.00,0.00,0.00,0.00,
fear:0.00,0.00,0.00,0.00,
happy:0.41,0.69,0.65,0.71,
sadness:0.39,0.08,0.29,0.11,
surprise:0.00,0.00,0.00,0.00,
binomial0.1
anger:0.20,0.26,0.09,0.19,
contempt:0.00,0.00,0.00,0.00,
disgust:0.00,0.00,0.00,0.00,
fear:0.00,0.00,0.00,0.00,
happy:0.41,0.67,0.62,0.67,
sadness:0.39,0.07,0.29,0.14,
surprise:0.00,0.00,0.00,0.00,

ldbn_2lys_625_250_100_rdbn_2lys_625_250_100_t100
active_h
anger:0.20,0.20,0.07,0.18,
contempt:0.00,0.00,0.00,0.00,
disgust:0.00,0.00,0.00,0.00,
fear:0.00,0.00,0.00,0.00,
happy:0.39,0.72,0.59,0.67,
sadness:0.41,0.08,0.34,0.15,
surprise:0.00,0.00,0.00,0.00,
v_noisy_active_h
anger:0.20,0.21,0.09,0.20,
contempt:0.00,0.00,0.00,0.00,
disgust:0.00,0.00,0.00,0.00,
fear:0.00,0.00,0.00,0.00,
happy:0.39,0.73,0.55,0.66,
sadness:0.41,0.07,0.36,0.14,
surprise:0.00,0.00,0.00,0.00,
zero
anger:0.20,0.21,0.07,0.20,
contempt:0.00,0.00,0.00,0.00,
disgust:0.00,0.00,0.00,0.00,
fear:0.00,0.00,0.00,0.00,
happy:0.39,0.73,0.55,0.64,
sadness:0.41,0.06,0.38,0.16,
surprise:0.00,0.00,0.00,0.00,
binomial0.1
anger:0.20,0.21,0.07,0.21,
contempt:0.00,0.00,0.00,0.00,
disgust:0.00,0.00,0.00,0.00,
fear:0.00,0.00,0.00,0.00,
happy:0.39,0.70,0.58,0.64,
sadness:0.41,0.09,0.34,0.15,
surprise:0.00,0.00,0.00,0.00,

ldbn_2lys_625_250_100_rdbn_2lys_625_250_100_t250
active_h
anger:0.16,0.22,0.16,0.22,
contempt:0.00,0.00,0.00,0.00,
disgust:0.00,0.00,0.00,0.00,
fear:0.00,0.00,0.00,0.00,
happy:0.42,0.75,0.47,0.58,
sadness:0.42,0.03,0.37,0.20,
surprise:0.00,0.00,0.00,0.00,
v_noisy_active_h
anger:0.16,0.22,0.17,0.22,
contempt:0.00,0.00,0.00,0.00,
disgust:0.00,0.00,0.00,0.00,
fear:0.00,0.00,0.00,0.00,
happy:0.42,0.74,0.44,0.57,
sadness:0.42,0.04,0.39,0.21,
surprise:0.00,0.00,0.00,0.00,
zero
anger:0.16,0.21,0.16,0.19,
contempt:0.00,0.00,0.00,0.00,
disgust:0.00,0.00,0.00,0.00,
fear:0.00,0.00,0.00,0.00,
happy:0.42,0.73,0.46,0.61,
sadness:0.42,0.06,0.38,0.20,
surprise:0.00,0.00,0.00,0.00,
binomial0.1
anger:0.16,0.23,0.14,0.20,
contempt:0.00,0.00,0.00,0.00,
disgust:0.00,0.00,0.00,0.00,
fear:0.00,0.00,0.00,0.00,
happy:0.42,0.72,0.46,0.57,
sadness:0.42,0.05,0.40,0.23,
surprise:0.00,0.00,0.00,0.00,


