0:l[784, 100]_r[784, 50]_t100:0.717, 0.781, 0.76, 0.807, 0.786, 0.761, 0.802, 0.796, 0.769, 0.803, 0.798, 0.781, 0.793, 0.808, 0.802, 0.785, 0.816, 0.823, 0.779, 0.817, 0.801, 0.769, 0.807, 0.794, 0.778, 0.806, 0.808, 0.767, 0.8, 0.803, 0.768, 
0:l[784, 250]_r[784, 50]_t100:0.739, 0.819, 0.804, 0.841, 0.82, 0.803, 0.853, 0.828, 0.808, 0.844, 0.821, 0.815, 0.848, 0.844, 0.825, 0.849, 0.841, 0.839, 0.856, 0.852, 0.84, 0.851, 0.862, 0.853, 0.844, 0.848, 0.854, 0.848, 0.854, 0.859, 0.846, 
0:l[784, 500]_r[784, 50]_t100:0.782, 0.856, 0.84, 0.81, 0.858, 0.849, 0.81, 0.835, 0.838, 0.788, 0.821, 0.824, 0.776, 0.813, 0.809, 0.765, 0.802, 0.802, 0.759, 0.791, 0.801, 0.747, 0.794, 0.797, 0.74, 0.79, 0.791, 0.753, 0.799, 0.796, 0.745, 
0:l[784, 100]_r[784, 50]_t250:0.764, 0.797, 0.788, 0.75, 0.773, 0.775, 0.717, 0.734, 0.749, 0.688, 0.71, 0.728, 0.679, 0.698, 0.702, 0.653, 0.683, 0.682, 0.666, 0.68, 0.683, 0.659, 0.681, 0.689, 0.671, 0.687, 0.679, 0.665, 0.677, 0.697, 0.671, 
0:l[784, 250]_r[784, 50]_t250:0.78, 0.841, 0.837, 0.844, 0.863, 0.852, 0.847, 0.853, 0.846, 0.819, 0.825, 0.83, 0.797, 0.807, 0.813, 0.786, 0.812, 0.803, 0.774, 0.807, 0.811, 0.786, 0.798, 0.789, 0.774, 0.79, 0.802, 0.779, 0.798, 0.79, 0.777, 
0:l[784, 500]_r[784, 50]_t250:0.797, 0.858, 0.852, 0.826, 0.846, 0.829, 0.799, 0.789, 0.803, 0.77, 0.774, 0.771, 0.739, 0.766, 0.759, 0.723, 0.748, 0.755, 0.729, 0.757, 0.759, 0.726, 0.766, 0.77, 0.727, 0.765, 0.771, 0.761, 0.783, 0.781, 0.762, 
0:l[784, 100]_r[784, 50]_t500:0.801, 0.651, 0.668, 0.606, 0.585, 0.599, 0.565, 0.563, 0.573, 0.555, 0.558, 0.564, 0.557, 0.555, 0.565, 0.556, 0.568, 0.585, 0.574, 0.586, 0.586, 0.571, 0.593, 0.6, 0.571, 0.591, 0.605, 0.606, 0.616, 0.629, 0.615, 
0:l[784, 250]_r[784, 50]_t500:0.828, 0.816, 0.82, 0.783, 0.752, 0.749, 0.721, 0.702, 0.711, 0.683, 0.694, 0.69, 0.662, 0.684, 0.693, 0.666, 0.704, 0.69, 0.683, 0.702, 0.702, 0.678, 0.699, 0.708, 0.696, 0.734, 0.731, 0.711, 0.734, 0.744, 0.721, 
0:l[784, 500]_r[784, 50]_t500:0.836, 0.814, 0.82, 0.791, 0.746, 0.743, 0.719, 0.708, 0.719, 0.683, 0.699, 0.694, 0.683, 0.713, 0.707, 0.675, 0.707, 0.713, 0.7, 0.726, 0.74, 0.715, 0.74, 0.747, 0.732, 0.752, 0.752, 0.75, 0.771, 0.79, 0.774, 
0:l[784, 100]_r[784, 50]_t1000:0.765, 0.537, 0.542, 0.535, 0.535, 0.537, 0.536, 0.534, 0.536, 0.54, 0.535, 0.538, 0.537, 0.541, 0.539, 0.543, 0.54, 0.542, 0.544, 0.547, 0.543, 0.549, 0.552, 0.548, 0.558, 0.566, 0.55, 0.564, 0.567, 0.561, 0.568, 
0:l[784, 250]_r[784, 50]_t1000:0.856, 0.646, 0.649, 0.616, 0.568, 0.58, 0.556, 0.573, 0.567, 0.563, 0.58, 0.583, 0.565, 0.595, 0.588, 0.58, 0.613, 0.619, 0.6, 0.644, 0.647, 0.632, 0.661, 0.684, 0.649, 0.711, 0.717, 0.706, 0.742, 0.732, 0.744, 
0:l[784, 500]_r[784, 50]_t1000:0.871, 0.696, 0.71, 0.676, 0.636, 0.648, 0.624, 0.637, 0.626, 0.627, 0.652, 0.654, 0.638, 0.692, 0.673, 0.66, 0.711, 0.697, 0.699, 0.734, 0.736, 0.712, 0.76, 0.75, 0.759, 0.782, 0.797, 0.776, 0.818, 0.822, 0.808, 
1:l[784, 100]_r[784, 50]_t100:0.721, 0.822, 0.803, 0.799, 0.819, 0.807, 0.79, 0.817, 0.807, 0.788, 0.811, 0.798, 0.773, 0.793, 0.803, 0.759, 0.788, 0.791, 0.749, 0.769, 0.778, 0.726, 0.75, 0.754, 0.717, 0.74, 0.738, 0.703, 0.73, 0.735, 0.702, 
1:l[784, 250]_r[784, 50]_t100:0.746, 0.819, 0.814, 0.839, 0.827, 0.822, 0.848, 0.835, 0.832, 0.852, 0.855, 0.842, 0.841, 0.846, 0.842, 0.85, 0.842, 0.842, 0.847, 0.855, 0.845, 0.844, 0.855, 0.858, 0.835, 0.843, 0.848, 0.833, 0.843, 0.839, 0.839, 
1:l[784, 500]_r[784, 50]_t100:0.796, 0.841, 0.836, 0.814, 0.818, 0.825, 0.795, 0.795, 0.802, 0.759, 0.782, 0.788, 0.744, 0.764, 0.767, 0.719, 0.754, 0.756, 0.703, 0.741, 0.759, 0.699, 0.733, 0.735, 0.697, 0.731, 0.742, 0.699, 0.739, 0.735, 0.713, 
1:l[784, 100]_r[784, 50]_t250:0.787, 0.755, 0.765, 0.723, 0.695, 0.714, 0.676, 0.662, 0.669, 0.65, 0.643, 0.634, 0.614, 0.601, 0.609, 0.592, 0.595, 0.599, 0.587, 0.59, 0.605, 0.588, 0.604, 0.606, 0.6, 0.611, 0.617, 0.611, 0.622, 0.633, 0.621, 
1:l[784, 250]_r[784, 50]_t250:0.766, 0.847, 0.837, 0.846, 0.85, 0.85, 0.823, 0.824, 0.823, 0.799, 0.786, 0.794, 0.775, 0.769, 0.766, 0.751, 0.75, 0.757, 0.74, 0.742, 0.753, 0.738, 0.748, 0.734, 0.739, 0.757, 0.748, 0.752, 0.759, 0.75, 0.738, 
1:l[784, 500]_r[784, 50]_t250:0.804, 0.852, 0.855, 0.83, 0.801, 0.807, 0.771, 0.757, 0.763, 0.741, 0.725, 0.733, 0.709, 0.703, 0.72, 0.699, 0.718, 0.719, 0.685, 0.719, 0.732, 0.706, 0.735, 0.746, 0.726, 0.757, 0.766, 0.743, 0.779, 0.775, 0.763, 
1:l[784, 100]_r[784, 50]_t500:0.816, 0.587, 0.59, 0.57, 0.545, 0.553, 0.545, 0.541, 0.541, 0.541, 0.542, 0.539, 0.537, 0.54, 0.542, 0.547, 0.55, 0.548, 0.547, 0.552, 0.543, 0.551, 0.561, 0.57, 0.547, 0.558, 0.566, 0.569, 0.569, 0.596, 0.587, 
1:l[784, 250]_r[784, 50]_t500:0.802, 0.777, 0.788, 0.773, 0.714, 0.714, 0.695, 0.672, 0.65, 0.655, 0.644, 0.635, 0.623, 0.63, 0.635, 0.629, 0.636, 0.654, 0.623, 0.66, 0.659, 0.65, 0.66, 0.678, 0.656, 0.689, 0.694, 0.673, 0.712, 0.707, 0.697, 
1:l[784, 500]_r[784, 50]_t500:0.84, 0.789, 0.784, 0.768, 0.704, 0.703, 0.69, 0.658, 0.662, 0.66, 0.658, 0.654, 0.664, 0.671, 0.668, 0.671, 0.692, 0.69, 0.67, 0.717, 0.723, 0.697, 0.725, 0.741, 0.723, 0.743, 0.742, 0.75, 0.755, 0.748, 0.763, 
1:l[784, 100]_r[784, 50]_t1000:0.783, 0.535, 0.535, 0.534, 0.535, 0.536, 0.536, 0.535, 0.534, 0.536, 0.536, 0.537, 0.536, 0.537, 0.535, 0.538, 0.538, 0.535, 0.538, 0.54, 0.538, 0.539, 0.545, 0.544, 0.547, 0.547, 0.546, 0.542, 0.549, 0.551, 0.551, 
1:l[784, 250]_r[784, 50]_t1000:0.842, 0.61, 0.619, 0.593, 0.558, 0.565, 0.554, 0.555, 0.559, 0.555, 0.565, 0.564, 0.558, 0.572, 0.575, 0.566, 0.589, 0.591, 0.583, 0.61, 0.609, 0.604, 0.631, 0.632, 0.612, 0.665, 0.646, 0.648, 0.669, 0.681, 0.68, 
1:l[784, 500]_r[784, 50]_t1000:0.878, 0.666, 0.666, 0.64, 0.606, 0.616, 0.607, 0.604, 0.603, 0.613, 0.623, 0.632, 0.617, 0.638, 0.644, 0.637, 0.668, 0.661, 0.661, 0.685, 0.68, 0.684, 0.722, 0.715, 0.708, 0.715, 0.73, 0.71, 0.75, 0.758, 0.745, 
2:l[784, 100]_r[784, 50]_t100:0.779, 0.807, 0.793, 0.788, 0.816, 0.798, 0.794, 0.814, 0.799, 0.788, 0.813, 0.791, 0.796, 0.82, 0.788, 0.79, 0.824, 0.801, 0.784, 0.822, 0.799, 0.786, 0.817, 0.807, 0.778, 0.806, 0.809, 0.775, 0.806, 0.806, 0.775, 
2:l[784, 250]_r[784, 50]_t100:0.779, 0.828, 0.808, 0.829, 0.826, 0.804, 0.845, 0.826, 0.82, 0.844, 0.824, 0.827, 0.842, 0.826, 0.822, 0.843, 0.836, 0.822, 0.844, 0.831, 0.825, 0.849, 0.848, 0.839, 0.858, 0.845, 0.858, 0.842, 0.843, 0.851, 0.836, 
2:l[784, 500]_r[784, 50]_t100:0.798, 0.844, 0.84, 0.821, 0.844, 0.836, 0.808, 0.83, 0.832, 0.81, 0.826, 0.814, 0.793, 0.814, 0.821, 0.785, 0.802, 0.813, 0.773, 0.8, 0.806, 0.767, 0.79, 0.795, 0.754, 0.778, 0.777, 0.749, 0.779, 0.774, 0.758, 
2:l[784, 100]_r[784, 50]_t250:0.805, 0.775, 0.772, 0.733, 0.761, 0.766, 0.71, 0.731, 0.727, 0.684, 0.699, 0.716, 0.672, 0.679, 0.679, 0.646, 0.668, 0.658, 0.631, 0.644, 0.646, 0.616, 0.616, 0.632, 0.612, 0.612, 0.611, 0.598, 0.61, 0.622, 0.605, 
2:l[784, 250]_r[784, 50]_t250:0.814, 0.855, 0.838, 0.844, 0.852, 0.839, 0.837, 0.845, 0.837, 0.827, 0.834, 0.829, 0.812, 0.82, 0.816, 0.802, 0.804, 0.807, 0.791, 0.795, 0.79, 0.772, 0.779, 0.777, 0.765, 0.761, 0.769, 0.764, 0.764, 0.76, 0.736, 
2:l[784, 500]_r[784, 50]_t250:0.826, 0.867, 0.871, 0.86, 0.848, 0.854, 0.832, 0.83, 0.833, 0.808, 0.812, 0.806, 0.785, 0.787, 0.788, 0.774, 0.766, 0.777, 0.751, 0.749, 0.756, 0.74, 0.751, 0.743, 0.735, 0.738, 0.739, 0.725, 0.755, 0.75, 0.737, 
2:l[784, 100]_r[784, 50]_t500:0.777, 0.638, 0.66, 0.594, 0.573, 0.586, 0.561, 0.543, 0.551, 0.544, 0.541, 0.545, 0.539, 0.537, 0.539, 0.54, 0.541, 0.542, 0.542, 0.544, 0.54, 0.542, 0.541, 0.55, 0.543, 0.545, 0.554, 0.554, 0.564, 0.561, 0.551, 
2:l[784, 250]_r[784, 50]_t500:0.844, 0.803, 0.805, 0.775, 0.768, 0.759, 0.734, 0.727, 0.724, 0.704, 0.697, 0.699, 0.678, 0.667, 0.67, 0.652, 0.652, 0.65, 0.637, 0.636, 0.64, 0.637, 0.64, 0.645, 0.636, 0.637, 0.652, 0.644, 0.667, 0.669, 0.653, 
2:l[784, 500]_r[784, 50]_t500:0.863, 0.837, 0.843, 0.82, 0.788, 0.785, 0.774, 0.752, 0.744, 0.731, 0.718, 0.722, 0.712, 0.699, 0.698, 0.69, 0.685, 0.685, 0.677, 0.684, 0.701, 0.678, 0.693, 0.706, 0.692, 0.71, 0.717, 0.715, 0.729, 0.73, 0.724, 
2:l[784, 100]_r[784, 50]_t1000:0.742, 0.54, 0.539, 0.535, 0.535, 0.536, 0.537, 0.535, 0.534, 0.535, 0.536, 0.536, 0.538, 0.537, 0.536, 0.535, 0.54, 0.537, 0.538, 0.54, 0.537, 0.539, 0.54, 0.537, 0.542, 0.546, 0.549, 0.538, 0.549, 0.546, 0.548, 
2:l[784, 250]_r[784, 50]_t1000:0.864, 0.692, 0.687, 0.661, 0.613, 0.62, 0.59, 0.57, 0.575, 0.566, 0.561, 0.561, 0.56, 0.56, 0.557, 0.553, 0.563, 0.561, 0.558, 0.571, 0.569, 0.566, 0.582, 0.578, 0.572, 0.604, 0.602, 0.609, 0.626, 0.626, 0.612, 
2:l[784, 500]_r[784, 50]_t1000:0.878, 0.752, 0.764, 0.739, 0.681, 0.681, 0.68, 0.643, 0.641, 0.642, 0.622, 0.631, 0.615, 0.614, 0.609, 0.617, 0.628, 0.632, 0.611, 0.639, 0.639, 0.629, 0.677, 0.665, 0.657, 0.681, 0.685, 0.684, 0.712, 0.726, 0.711, 
3:l[784, 100]_r[784, 50]_t100:0.751, 0.809, 0.778, 0.792, 0.804, 0.795, 0.788, 0.813, 0.807, 0.785, 0.82, 0.796, 0.79, 0.802, 0.81, 0.773, 0.792, 0.798, 0.772, 0.781, 0.78, 0.761, 0.771, 0.787, 0.76, 0.762, 0.768, 0.761, 0.773, 0.774, 0.761, 
3:l[784, 250]_r[784, 50]_t100:0.787, 0.834, 0.821, 0.835, 0.833, 0.818, 0.836, 0.845, 0.835, 0.842, 0.842, 0.839, 0.834, 0.848, 0.84, 0.841, 0.844, 0.855, 0.838, 0.847, 0.845, 0.835, 0.85, 0.848, 0.839, 0.846, 0.837, 0.833, 0.841, 0.84, 0.834, 
3:l[784, 500]_r[784, 50]_t100:0.804, 0.848, 0.836, 0.821, 0.833, 0.847, 0.807, 0.83, 0.828, 0.793, 0.818, 0.81, 0.788, 0.805, 0.807, 0.764, 0.791, 0.795, 0.768, 0.791, 0.793, 0.768, 0.782, 0.792, 0.76, 0.776, 0.789, 0.773, 0.808, 0.798, 0.781, 
3:l[784, 100]_r[784, 50]_t250:0.788, 0.769, 0.769, 0.726, 0.721, 0.722, 0.684, 0.668, 0.672, 0.644, 0.642, 0.643, 0.618, 0.628, 0.638, 0.605, 0.625, 0.623, 0.615, 0.631, 0.655, 0.623, 0.638, 0.646, 0.626, 0.663, 0.672, 0.658, 0.675, 0.681, 0.684, 
3:l[784, 250]_r[784, 50]_t250:0.811, 0.836, 0.84, 0.842, 0.843, 0.846, 0.835, 0.828, 0.827, 0.812, 0.797, 0.797, 0.796, 0.792, 0.793, 0.775, 0.778, 0.781, 0.765, 0.782, 0.778, 0.773, 0.781, 0.786, 0.777, 0.781, 0.791, 0.787, 0.776, 0.786, 0.788, 
3:l[784, 500]_r[784, 50]_t250:0.808, 0.868, 0.869, 0.858, 0.848, 0.853, 0.831, 0.825, 0.822, 0.813, 0.809, 0.79, 0.787, 0.783, 0.779, 0.77, 0.784, 0.785, 0.768, 0.788, 0.783, 0.771, 0.792, 0.784, 0.777, 0.793, 0.799, 0.79, 0.82, 0.8, 0.79, 
3:l[784, 100]_r[784, 50]_t500:0.803, 0.594, 0.604, 0.568, 0.543, 0.548, 0.55, 0.541, 0.548, 0.549, 0.55, 0.548, 0.553, 0.549, 0.549, 0.559, 0.556, 0.558, 0.561, 0.575, 0.574, 0.568, 0.597, 0.583, 0.56, 0.591, 0.59, 0.584, 0.598, 0.625, 0.613, 
3:l[784, 250]_r[784, 50]_t500:0.836, 0.803, 0.806, 0.781, 0.739, 0.733, 0.717, 0.696, 0.693, 0.687, 0.684, 0.685, 0.668, 0.678, 0.689, 0.674, 0.688, 0.699, 0.67, 0.716, 0.708, 0.687, 0.72, 0.721, 0.714, 0.74, 0.746, 0.736, 0.747, 0.75, 0.75, 
3:l[784, 500]_r[784, 50]_t500:0.838, 0.834, 0.827, 0.826, 0.769, 0.782, 0.758, 0.728, 0.729, 0.727, 0.711, 0.717, 0.701, 0.725, 0.718, 0.707, 0.713, 0.742, 0.721, 0.743, 0.745, 0.74, 0.749, 0.756, 0.754, 0.758, 0.767, 0.77, 0.782, 0.773, 0.777, 
3:l[784, 100]_r[784, 50]_t1000:0.786, 0.538, 0.536, 0.535, 0.539, 0.534, 0.538, 0.537, 0.537, 0.542, 0.546, 0.545, 0.539, 0.545, 0.541, 0.545, 0.553, 0.551, 0.55, 0.552, 0.557, 0.564, 0.557, 0.56, 0.562, 0.564, 0.572, 0.565, 0.566, 0.576, 0.569, 
3:l[784, 250]_r[784, 50]_t1000:0.869, 0.633, 0.634, 0.614, 0.569, 0.579, 0.568, 0.568, 0.569, 0.573, 0.583, 0.584, 0.581, 0.609, 0.593, 0.592, 0.631, 0.629, 0.613, 0.639, 0.646, 0.633, 0.667, 0.666, 0.647, 0.685, 0.694, 0.68, 0.709, 0.713, 0.708, 
3:l[784, 500]_r[784, 50]_t1000:0.871, 0.727, 0.739, 0.699, 0.658, 0.669, 0.651, 0.653, 0.644, 0.653, 0.643, 0.661, 0.648, 0.671, 0.666, 0.662, 0.687, 0.681, 0.678, 0.719, 0.71, 0.719, 0.736, 0.748, 0.716, 0.746, 0.763, 0.744, 0.77, 0.784, 0.768, 
4:l[784, 100]_r[784, 50]_t100:0.756, 0.803, 0.794, 0.799, 0.79, 0.782, 0.799, 0.781, 0.772, 0.806, 0.778, 0.775, 0.815, 0.779, 0.78, 0.81, 0.774, 0.773, 0.821, 0.779, 0.759, 0.817, 0.784, 0.785, 0.807, 0.793, 0.793, 0.813, 0.801, 0.791, 0.811, 
4:l[784, 250]_r[784, 50]_t100:0.798, 0.824, 0.821, 0.838, 0.813, 0.809, 0.837, 0.817, 0.814, 0.838, 0.809, 0.805, 0.825, 0.806, 0.806, 0.823, 0.803, 0.803, 0.826, 0.808, 0.805, 0.825, 0.81, 0.804, 0.831, 0.809, 0.81, 0.816, 0.813, 0.807, 0.828, 
4:l[784, 500]_r[784, 50]_t100:0.805, 0.835, 0.833, 0.822, 0.837, 0.843, 0.827, 0.842, 0.841, 0.822, 0.839, 0.831, 0.82, 0.83, 0.842, 0.815, 0.839, 0.84, 0.819, 0.829, 0.836, 0.822, 0.831, 0.838, 0.812, 0.83, 0.83, 0.824, 0.829, 0.829, 0.824, 
4:l[784, 100]_r[784, 50]_t250:0.796, 0.788, 0.791, 0.779, 0.785, 0.776, 0.771, 0.772, 0.768, 0.752, 0.754, 0.762, 0.747, 0.749, 0.751, 0.726, 0.725, 0.729, 0.712, 0.711, 0.711, 0.698, 0.695, 0.704, 0.681, 0.692, 0.687, 0.681, 0.679, 0.699, 0.679, 
4:l[784, 250]_r[784, 50]_t250:0.807, 0.831, 0.826, 0.838, 0.83, 0.83, 0.84, 0.834, 0.825, 0.843, 0.832, 0.834, 0.838, 0.834, 0.828, 0.838, 0.852, 0.839, 0.842, 0.838, 0.84, 0.837, 0.837, 0.833, 0.826, 0.822, 0.83, 0.836, 0.82, 0.831, 0.814, 
4:l[784, 500]_r[784, 50]_t250:0.814, 0.863, 0.852, 0.859, 0.862, 0.864, 0.849, 0.858, 0.847, 0.852, 0.856, 0.856, 0.839, 0.84, 0.843, 0.835, 0.844, 0.838, 0.828, 0.828, 0.834, 0.826, 0.821, 0.825, 0.818, 0.817, 0.809, 0.813, 0.826, 0.817, 0.801, 
4:l[784, 100]_r[784, 50]_t500:0.808, 0.712, 0.716, 0.696, 0.655, 0.659, 0.646, 0.614, 0.627, 0.601, 0.586, 0.578, 0.573, 0.557, 0.575, 0.567, 0.576, 0.576, 0.569, 0.565, 0.566, 0.559, 0.566, 0.58, 0.565, 0.566, 0.566, 0.566, 0.568, 0.593, 0.577, 
4:l[784, 250]_r[784, 50]_t500:0.827, 0.843, 0.841, 0.831, 0.817, 0.82, 0.806, 0.799, 0.8, 0.785, 0.77, 0.783, 0.768, 0.759, 0.754, 0.746, 0.751, 0.752, 0.74, 0.745, 0.734, 0.725, 0.718, 0.722, 0.722, 0.722, 0.726, 0.706, 0.725, 0.719, 0.716, 
4:l[784, 500]_r[784, 50]_t500:0.833, 0.852, 0.851, 0.85, 0.835, 0.828, 0.824, 0.814, 0.814, 0.79, 0.783, 0.788, 0.778, 0.767, 0.774, 0.756, 0.749, 0.764, 0.744, 0.774, 0.751, 0.754, 0.752, 0.764, 0.748, 0.753, 0.755, 0.748, 0.748, 0.763, 0.738, 
4:l[784, 100]_r[784, 50]_t1000:0.786, 0.571, 0.568, 0.555, 0.54, 0.54, 0.546, 0.54, 0.539, 0.547, 0.548, 0.544, 0.541, 0.547, 0.542, 0.551, 0.553, 0.55, 0.539, 0.557, 0.556, 0.554, 0.56, 0.562, 0.554, 0.564, 0.553, 0.552, 0.554, 0.556, 0.554, 
4:l[784, 250]_r[784, 50]_t1000:0.857, 0.755, 0.755, 0.742, 0.69, 0.697, 0.683, 0.646, 0.649, 0.631, 0.625, 0.633, 0.607, 0.609, 0.62, 0.614, 0.614, 0.617, 0.602, 0.603, 0.619, 0.599, 0.622, 0.621, 0.61, 0.626, 0.627, 0.622, 0.639, 0.64, 0.625, 
4:l[784, 500]_r[784, 50]_t1000:0.876, 0.797, 0.804, 0.79, 0.726, 0.731, 0.73, 0.701, 0.701, 0.712, 0.691, 0.704, 0.683, 0.698, 0.686, 0.69, 0.693, 0.681, 0.676, 0.683, 0.678, 0.685, 0.695, 0.701, 0.675, 0.698, 0.711, 0.688, 0.711, 0.712, 0.691, 
5:l[784, 100]_r[784, 50]_t100:0.766, 0.799, 0.782, 0.797, 0.79, 0.773, 0.797, 0.794, 0.774, 0.804, 0.782, 0.778, 0.807, 0.769, 0.78, 0.806, 0.772, 0.771, 0.804, 0.773, 0.765, 0.8, 0.779, 0.767, 0.805, 0.782, 0.772, 0.803, 0.789, 0.785, 0.806, 
5:l[784, 250]_r[784, 50]_t100:0.783, 0.808, 0.811, 0.818, 0.818, 0.804, 0.824, 0.804, 0.8, 0.822, 0.804, 0.803, 0.817, 0.805, 0.797, 0.823, 0.804, 0.803, 0.815, 0.804, 0.801, 0.818, 0.799, 0.796, 0.821, 0.8, 0.797, 0.823, 0.805, 0.805, 0.823, 
5:l[784, 500]_r[784, 50]_t100:0.802, 0.84, 0.839, 0.835, 0.834, 0.837, 0.824, 0.839, 0.833, 0.822, 0.845, 0.843, 0.833, 0.84, 0.847, 0.825, 0.833, 0.844, 0.835, 0.841, 0.844, 0.829, 0.836, 0.838, 0.83, 0.836, 0.836, 0.829, 0.833, 0.837, 0.827, 
5:l[784, 100]_r[784, 50]_t250:0.792, 0.793, 0.781, 0.774, 0.799, 0.792, 0.784, 0.789, 0.789, 0.781, 0.784, 0.799, 0.768, 0.776, 0.78, 0.754, 0.771, 0.762, 0.751, 0.747, 0.756, 0.742, 0.741, 0.754, 0.735, 0.735, 0.738, 0.729, 0.721, 0.742, 0.716, 
5:l[784, 250]_r[784, 50]_t250:0.788, 0.821, 0.814, 0.832, 0.822, 0.833, 0.836, 0.833, 0.832, 0.85, 0.845, 0.844, 0.86, 0.859, 0.857, 0.858, 0.853, 0.854, 0.841, 0.848, 0.848, 0.844, 0.856, 0.85, 0.85, 0.843, 0.846, 0.849, 0.842, 0.842, 0.844, 
5:l[784, 500]_r[784, 50]_t250:0.809, 0.856, 0.855, 0.862, 0.86, 0.864, 0.852, 0.855, 0.856, 0.861, 0.853, 0.86, 0.855, 0.857, 0.853, 0.848, 0.852, 0.856, 0.84, 0.844, 0.842, 0.84, 0.83, 0.838, 0.823, 0.841, 0.831, 0.834, 0.839, 0.833, 0.822, 
5:l[784, 100]_r[784, 50]_t500:0.819, 0.734, 0.747, 0.717, 0.684, 0.7, 0.673, 0.653, 0.67, 0.639, 0.625, 0.643, 0.622, 0.612, 0.612, 0.606, 0.604, 0.609, 0.61, 0.596, 0.609, 0.58, 0.596, 0.599, 0.58, 0.595, 0.585, 0.599, 0.591, 0.604, 0.585, 
5:l[784, 250]_r[784, 50]_t500:0.815, 0.845, 0.849, 0.844, 0.836, 0.833, 0.83, 0.826, 0.831, 0.821, 0.813, 0.812, 0.806, 0.796, 0.8, 0.796, 0.79, 0.789, 0.783, 0.777, 0.781, 0.776, 0.779, 0.78, 0.764, 0.764, 0.778, 0.766, 0.763, 0.761, 0.763, 
5:l[784, 500]_r[784, 50]_t500:0.845, 0.851, 0.859, 0.852, 0.842, 0.842, 0.84, 0.827, 0.818, 0.807, 0.806, 0.811, 0.804, 0.798, 0.79, 0.774, 0.779, 0.782, 0.767, 0.78, 0.771, 0.772, 0.767, 0.768, 0.773, 0.778, 0.772, 0.772, 0.77, 0.77, 0.763, 
5:l[784, 100]_r[784, 50]_t1000:0.798, 0.575, 0.59, 0.562, 0.546, 0.546, 0.556, 0.546, 0.546, 0.55, 0.553, 0.548, 0.543, 0.55, 0.544, 0.548, 0.55, 0.548, 0.545, 0.552, 0.554, 0.558, 0.554, 0.547, 0.553, 0.561, 0.553, 0.55, 0.553, 0.551, 0.549, 
5:l[784, 250]_r[784, 50]_t1000:0.857, 0.784, 0.783, 0.776, 0.745, 0.742, 0.73, 0.724, 0.729, 0.717, 0.712, 0.704, 0.697, 0.696, 0.696, 0.677, 0.688, 0.69, 0.683, 0.668, 0.683, 0.663, 0.678, 0.668, 0.663, 0.673, 0.67, 0.666, 0.667, 0.68, 0.67, 
5:l[784, 500]_r[784, 50]_t1000:0.869, 0.807, 0.826, 0.795, 0.755, 0.754, 0.758, 0.734, 0.734, 0.736, 0.715, 0.725, 0.727, 0.723, 0.719, 0.713, 0.725, 0.71, 0.7, 0.721, 0.727, 0.724, 0.723, 0.726, 0.71, 0.716, 0.726, 0.704, 0.727, 0.716, 0.712, 
6:l[784, 100]_r[784, 50]_t100:0.739, 0.793, 0.786, 0.779, 0.797, 0.791, 0.783, 0.795, 0.795, 0.795, 0.796, 0.8, 0.797, 0.805, 0.798, 0.79, 0.805, 0.798, 0.787, 0.791, 0.777, 0.791, 0.8, 0.788, 0.785, 0.779, 0.784, 0.792, 0.797, 0.782, 0.791, 
6:l[784, 250]_r[784, 50]_t100:0.786, 0.828, 0.831, 0.827, 0.84, 0.844, 0.838, 0.853, 0.843, 0.841, 0.854, 0.842, 0.835, 0.853, 0.843, 0.843, 0.85, 0.85, 0.84, 0.845, 0.843, 0.836, 0.847, 0.838, 0.857, 0.844, 0.843, 0.847, 0.845, 0.834, 0.84, 
6:l[784, 500]_r[784, 50]_t100:0.793, 0.838, 0.834, 0.814, 0.819, 0.84, 0.806, 0.818, 0.818, 0.801, 0.81, 0.803, 0.794, 0.798, 0.799, 0.769, 0.8, 0.8, 0.79, 0.802, 0.801, 0.788, 0.801, 0.809, 0.794, 0.804, 0.807, 0.807, 0.821, 0.815, 0.799, 
6:l[784, 100]_r[784, 50]_t250:0.773, 0.766, 0.777, 0.748, 0.71, 0.724, 0.696, 0.673, 0.685, 0.671, 0.686, 0.685, 0.674, 0.705, 0.707, 0.683, 0.709, 0.701, 0.682, 0.731, 0.715, 0.723, 0.726, 0.745, 0.727, 0.726, 0.725, 0.744, 0.735, 0.73, 0.716, 
6:l[784, 250]_r[784, 50]_t250:0.789, 0.843, 0.837, 0.84, 0.844, 0.841, 0.833, 0.836, 0.832, 0.816, 0.819, 0.817, 0.821, 0.804, 0.81, 0.814, 0.825, 0.824, 0.809, 0.814, 0.815, 0.818, 0.805, 0.827, 0.804, 0.802, 0.828, 0.805, 0.808, 0.821, 0.801, 
6:l[784, 500]_r[784, 50]_t250:0.809, 0.864, 0.859, 0.853, 0.842, 0.846, 0.836, 0.823, 0.829, 0.821, 0.816, 0.822, 0.816, 0.812, 0.8, 0.8, 0.805, 0.827, 0.797, 0.821, 0.827, 0.813, 0.821, 0.821, 0.813, 0.832, 0.835, 0.828, 0.831, 0.821, 0.831, 
6:l[784, 100]_r[784, 50]_t500:0.785, 0.616, 0.623, 0.6, 0.569, 0.571, 0.565, 0.575, 0.574, 0.586, 0.581, 0.589, 0.588, 0.577, 0.596, 0.604, 0.623, 0.633, 0.602, 0.632, 0.623, 0.639, 0.652, 0.644, 0.637, 0.667, 0.646, 0.653, 0.685, 0.693, 0.703, 
6:l[784, 250]_r[784, 50]_t500:0.818, 0.794, 0.803, 0.801, 0.752, 0.752, 0.752, 0.737, 0.727, 0.738, 0.747, 0.747, 0.721, 0.747, 0.743, 0.745, 0.763, 0.765, 0.748, 0.757, 0.772, 0.773, 0.777, 0.783, 0.785, 0.777, 0.781, 0.772, 0.788, 0.79, 0.796, 
6:l[784, 500]_r[784, 50]_t500:0.819, 0.828, 0.834, 0.814, 0.783, 0.792, 0.78, 0.76, 0.76, 0.752, 0.759, 0.767, 0.75, 0.775, 0.771, 0.759, 0.776, 0.783, 0.774, 0.792, 0.8, 0.796, 0.806, 0.813, 0.795, 0.81, 0.792, 0.801, 0.822, 0.798, 0.806, 
6:l[784, 100]_r[784, 50]_t1000:0.822, 0.551, 0.548, 0.544, 0.545, 0.548, 0.546, 0.558, 0.547, 0.562, 0.566, 0.567, 0.559, 0.576, 0.56, 0.571, 0.585, 0.576, 0.584, 0.588, 0.587, 0.591, 0.594, 0.592, 0.6, 0.605, 0.602, 0.609, 0.604, 0.608, 0.606, 
6:l[784, 250]_r[784, 50]_t1000:0.856, 0.656, 0.656, 0.649, 0.625, 0.631, 0.619, 0.636, 0.641, 0.634, 0.656, 0.659, 0.652, 0.679, 0.67, 0.649, 0.693, 0.692, 0.693, 0.708, 0.721, 0.701, 0.717, 0.719, 0.697, 0.732, 0.723, 0.723, 0.738, 0.741, 0.745, 
6:l[784, 500]_r[784, 50]_t1000:0.846, 0.723, 0.716, 0.716, 0.697, 0.698, 0.709, 0.712, 0.686, 0.716, 0.718, 0.734, 0.724, 0.732, 0.742, 0.732, 0.758, 0.738, 0.745, 0.764, 0.763, 0.782, 0.772, 0.78, 0.78, 0.777, 0.786, 0.788, 0.791, 0.782, 0.797, 
7:l[784, 100]_r[784, 50]_t100:0.745, 0.794, 0.796, 0.755, 0.799, 0.794, 0.756, 0.796, 0.798, 0.761, 0.797, 0.788, 0.76, 0.793, 0.799, 0.769, 0.792, 0.801, 0.775, 0.797, 0.799, 0.79, 0.803, 0.8, 0.778, 0.791, 0.789, 0.795, 0.805, 0.799, 0.795, 
7:l[784, 250]_r[784, 50]_t100:0.809, 0.833, 0.832, 0.839, 0.838, 0.833, 0.849, 0.841, 0.828, 0.838, 0.842, 0.837, 0.84, 0.843, 0.838, 0.846, 0.845, 0.847, 0.847, 0.856, 0.854, 0.842, 0.852, 0.849, 0.858, 0.838, 0.849, 0.842, 0.843, 0.839, 0.848, 
7:l[784, 500]_r[784, 50]_t100:0.805, 0.829, 0.832, 0.812, 0.825, 0.827, 0.796, 0.826, 0.82, 0.792, 0.806, 0.819, 0.795, 0.815, 0.806, 0.789, 0.8, 0.811, 0.795, 0.81, 0.808, 0.8, 0.814, 0.812, 0.799, 0.807, 0.809, 0.81, 0.824, 0.812, 0.815, 
7:l[784, 100]_r[784, 50]_t250:0.766, 0.74, 0.738, 0.69, 0.689, 0.685, 0.656, 0.667, 0.686, 0.644, 0.66, 0.672, 0.645, 0.685, 0.675, 0.678, 0.703, 0.687, 0.671, 0.714, 0.71, 0.693, 0.715, 0.728, 0.707, 0.739, 0.72, 0.712, 0.722, 0.735, 0.732, 
7:l[784, 250]_r[784, 50]_t250:0.809, 0.85, 0.846, 0.835, 0.841, 0.841, 0.83, 0.831, 0.829, 0.822, 0.822, 0.817, 0.818, 0.818, 0.816, 0.817, 0.816, 0.817, 0.831, 0.817, 0.829, 0.826, 0.832, 0.832, 0.811, 0.828, 0.826, 0.811, 0.825, 0.82, 0.821, 
7:l[784, 500]_r[784, 50]_t250:0.826, 0.854, 0.854, 0.835, 0.839, 0.837, 0.826, 0.815, 0.819, 0.812, 0.814, 0.808, 0.806, 0.807, 0.808, 0.797, 0.81, 0.819, 0.8, 0.817, 0.831, 0.816, 0.82, 0.832, 0.812, 0.83, 0.836, 0.817, 0.848, 0.816, 0.832, 
7:l[784, 100]_r[784, 50]_t500:0.777, 0.578, 0.58, 0.559, 0.547, 0.55, 0.548, 0.556, 0.553, 0.556, 0.563, 0.571, 0.559, 0.578, 0.577, 0.578, 0.606, 0.608, 0.59, 0.621, 0.612, 0.609, 0.642, 0.647, 0.622, 0.67, 0.653, 0.627, 0.664, 0.69, 0.672, 
7:l[784, 250]_r[784, 50]_t500:0.84, 0.794, 0.8, 0.778, 0.759, 0.755, 0.747, 0.74, 0.748, 0.733, 0.747, 0.755, 0.739, 0.756, 0.757, 0.749, 0.768, 0.776, 0.772, 0.788, 0.783, 0.776, 0.774, 0.789, 0.779, 0.786, 0.801, 0.791, 0.799, 0.802, 0.803, 
7:l[784, 500]_r[784, 50]_t500:0.849, 0.818, 0.817, 0.806, 0.772, 0.772, 0.761, 0.76, 0.756, 0.763, 0.753, 0.758, 0.744, 0.777, 0.765, 0.757, 0.765, 0.784, 0.777, 0.799, 0.797, 0.778, 0.803, 0.799, 0.791, 0.81, 0.799, 0.8, 0.824, 0.797, 0.81, 
7:l[784, 100]_r[784, 50]_t1000:0.742, 0.536, 0.537, 0.535, 0.538, 0.537, 0.539, 0.543, 0.54, 0.541, 0.55, 0.552, 0.55, 0.556, 0.555, 0.568, 0.568, 0.557, 0.564, 0.574, 0.574, 0.577, 0.577, 0.591, 0.585, 0.606, 0.599, 0.586, 0.613, 0.592, 0.596, 
7:l[784, 250]_r[784, 50]_t1000:0.854, 0.671, 0.671, 0.667, 0.635, 0.646, 0.634, 0.669, 0.661, 0.649, 0.671, 0.678, 0.665, 0.7, 0.707, 0.686, 0.718, 0.706, 0.708, 0.727, 0.733, 0.728, 0.739, 0.739, 0.72, 0.745, 0.747, 0.744, 0.757, 0.757, 0.755, 
7:l[784, 500]_r[784, 50]_t1000:0.874, 0.716, 0.719, 0.701, 0.696, 0.69, 0.689, 0.717, 0.71, 0.705, 0.719, 0.737, 0.734, 0.739, 0.722, 0.732, 0.751, 0.751, 0.746, 0.759, 0.768, 0.776, 0.776, 0.775, 0.774, 0.786, 0.774, 0.788, 0.793, 0.795, 0.791, 
8:l[784, 100]_r[784, 50]_t100:0.785, 0.796, 0.779, 0.757, 0.796, 0.798, 0.77, 0.799, 0.797, 0.786, 0.801, 0.787, 0.792, 0.801, 0.8, 0.797, 0.799, 0.798, 0.788, 0.795, 0.808, 0.79, 0.805, 0.805, 0.792, 0.806, 0.796, 0.77, 0.791, 0.775, 0.786, 
8:l[784, 250]_r[784, 50]_t100:0.835, 0.829, 0.831, 0.816, 0.843, 0.839, 0.829, 0.842, 0.839, 0.839, 0.847, 0.839, 0.834, 0.855, 0.846, 0.844, 0.843, 0.847, 0.842, 0.851, 0.849, 0.84, 0.856, 0.841, 0.846, 0.845, 0.839, 0.844, 0.841, 0.846, 0.845, 
8:l[784, 500]_r[784, 50]_t100:0.801, 0.819, 0.818, 0.81, 0.826, 0.824, 0.814, 0.819, 0.815, 0.813, 0.816, 0.816, 0.799, 0.822, 0.811, 0.804, 0.807, 0.824, 0.809, 0.8, 0.809, 0.811, 0.827, 0.807, 0.791, 0.81, 0.814, 0.815, 0.818, 0.812, 0.799, 
8:l[784, 100]_r[784, 50]_t250:0.801, 0.726, 0.742, 0.715, 0.702, 0.705, 0.693, 0.682, 0.691, 0.681, 0.692, 0.691, 0.666, 0.68, 0.7, 0.695, 0.698, 0.689, 0.676, 0.693, 0.696, 0.69, 0.724, 0.703, 0.705, 0.719, 0.708, 0.72, 0.727, 0.718, 0.711, 
8:l[784, 250]_r[784, 50]_t250:0.825, 0.838, 0.829, 0.826, 0.836, 0.837, 0.824, 0.832, 0.838, 0.834, 0.828, 0.825, 0.825, 0.812, 0.817, 0.81, 0.808, 0.822, 0.821, 0.805, 0.821, 0.813, 0.799, 0.815, 0.82, 0.811, 0.816, 0.818, 0.816, 0.804, 0.809, 
8:l[784, 500]_r[784, 50]_t250:0.824, 0.854, 0.849, 0.845, 0.85, 0.846, 0.839, 0.832, 0.835, 0.824, 0.82, 0.824, 0.816, 0.813, 0.8, 0.798, 0.798, 0.815, 0.789, 0.796, 0.808, 0.806, 0.814, 0.807, 0.8, 0.804, 0.823, 0.821, 0.824, 0.799, 0.808, 
8:l[784, 100]_r[784, 50]_t500:0.781, 0.62, 0.627, 0.621, 0.569, 0.58, 0.574, 0.58, 0.58, 0.586, 0.585, 0.595, 0.572, 0.595, 0.578, 0.607, 0.616, 0.613, 0.616, 0.632, 0.594, 0.62, 0.639, 0.637, 0.623, 0.646, 0.642, 0.642, 0.664, 0.669, 0.67, 
8:l[784, 250]_r[784, 50]_t500:0.852, 0.787, 0.808, 0.783, 0.752, 0.746, 0.751, 0.734, 0.736, 0.721, 0.745, 0.736, 0.719, 0.742, 0.739, 0.732, 0.745, 0.748, 0.757, 0.741, 0.744, 0.741, 0.741, 0.751, 0.756, 0.758, 0.761, 0.763, 0.767, 0.772, 0.778, 
8:l[784, 500]_r[784, 50]_t500:0.846, 0.817, 0.821, 0.813, 0.771, 0.77, 0.778, 0.763, 0.755, 0.757, 0.745, 0.746, 0.739, 0.757, 0.752, 0.735, 0.766, 0.758, 0.752, 0.779, 0.773, 0.765, 0.765, 0.787, 0.774, 0.775, 0.771, 0.782, 0.786, 0.777, 0.79, 
8:l[784, 100]_r[784, 50]_t1000:0.712, 0.548, 0.543, 0.54, 0.549, 0.547, 0.547, 0.551, 0.545, 0.565, 0.564, 0.564, 0.558, 0.559, 0.567, 0.587, 0.584, 0.578, 0.581, 0.59, 0.586, 0.602, 0.591, 0.591, 0.598, 0.6, 0.589, 0.592, 0.598, 0.617, 0.62, 
8:l[784, 250]_r[784, 50]_t1000:0.862, 0.646, 0.653, 0.638, 0.611, 0.623, 0.611, 0.625, 0.631, 0.622, 0.641, 0.639, 0.64, 0.676, 0.662, 0.649, 0.678, 0.675, 0.681, 0.681, 0.701, 0.678, 0.711, 0.705, 0.685, 0.689, 0.71, 0.716, 0.722, 0.725, 0.721, 
8:l[784, 500]_r[784, 50]_t1000:0.854, 0.725, 0.727, 0.717, 0.691, 0.69, 0.687, 0.699, 0.697, 0.693, 0.714, 0.714, 0.708, 0.723, 0.713, 0.715, 0.728, 0.719, 0.739, 0.743, 0.731, 0.743, 0.745, 0.764, 0.738, 0.763, 0.765, 0.748, 0.754, 0.778, 0.778, 
9:l[784, 100]_r[784, 50]_t100:0.776, 0.785, 0.782, 0.779, 0.791, 0.788, 0.788, 0.777, 0.763, 0.81, 0.764, 0.755, 0.808, 0.757, 0.735, 0.811, 0.741, 0.745, 0.813, 0.742, 0.739, 0.812, 0.743, 0.729, 0.814, 0.751, 0.747, 0.795, 0.756, 0.754, 0.804, 
9:l[784, 250]_r[784, 50]_t100:0.811, 0.827, 0.821, 0.824, 0.831, 0.83, 0.829, 0.829, 0.826, 0.831, 0.837, 0.823, 0.835, 0.828, 0.824, 0.835, 0.826, 0.823, 0.839, 0.827, 0.822, 0.84, 0.826, 0.825, 0.839, 0.835, 0.83, 0.838, 0.826, 0.822, 0.836, 
9:l[784, 500]_r[784, 50]_t100:0.8, 0.826, 0.826, 0.811, 0.837, 0.833, 0.806, 0.832, 0.837, 0.814, 0.84, 0.839, 0.819, 0.838, 0.84, 0.826, 0.845, 0.844, 0.832, 0.845, 0.844, 0.829, 0.841, 0.844, 0.83, 0.856, 0.857, 0.84, 0.841, 0.84, 0.834, 
9:l[784, 100]_r[784, 50]_t250:0.784, 0.793, 0.792, 0.763, 0.785, 0.794, 0.766, 0.784, 0.784, 0.77, 0.782, 0.78, 0.762, 0.781, 0.776, 0.758, 0.767, 0.772, 0.738, 0.764, 0.757, 0.743, 0.756, 0.744, 0.731, 0.739, 0.735, 0.712, 0.726, 0.736, 0.697, 
9:l[784, 250]_r[784, 50]_t250:0.811, 0.834, 0.823, 0.831, 0.848, 0.84, 0.845, 0.842, 0.83, 0.837, 0.844, 0.845, 0.849, 0.844, 0.845, 0.845, 0.844, 0.847, 0.835, 0.838, 0.847, 0.839, 0.84, 0.839, 0.831, 0.843, 0.843, 0.834, 0.83, 0.835, 0.829, 
9:l[784, 500]_r[784, 50]_t250:0.82, 0.848, 0.845, 0.843, 0.847, 0.85, 0.846, 0.848, 0.846, 0.851, 0.844, 0.846, 0.849, 0.841, 0.849, 0.834, 0.835, 0.838, 0.838, 0.837, 0.838, 0.842, 0.834, 0.827, 0.828, 0.83, 0.835, 0.826, 0.822, 0.828, 0.816, 
9:l[784, 100]_r[784, 50]_t500:0.789, 0.682, 0.692, 0.647, 0.636, 0.645, 0.625, 0.612, 0.629, 0.607, 0.606, 0.6, 0.587, 0.575, 0.579, 0.579, 0.585, 0.584, 0.58, 0.583, 0.575, 0.57, 0.576, 0.57, 0.563, 0.574, 0.577, 0.575, 0.571, 0.587, 0.579, 
9:l[784, 250]_r[784, 50]_t500:0.836, 0.827, 0.826, 0.821, 0.816, 0.813, 0.802, 0.8, 0.801, 0.789, 0.784, 0.791, 0.787, 0.777, 0.773, 0.768, 0.763, 0.772, 0.76, 0.752, 0.757, 0.745, 0.742, 0.749, 0.729, 0.735, 0.741, 0.722, 0.738, 0.731, 0.723, 
9:l[784, 500]_r[784, 50]_t500:0.851, 0.836, 0.841, 0.831, 0.818, 0.828, 0.816, 0.806, 0.808, 0.798, 0.788, 0.792, 0.782, 0.775, 0.783, 0.767, 0.762, 0.77, 0.756, 0.758, 0.76, 0.76, 0.754, 0.761, 0.752, 0.752, 0.756, 0.747, 0.773, 0.748, 0.752, 
9:l[784, 100]_r[784, 50]_t1000:0.743, 0.549, 0.553, 0.543, 0.546, 0.539, 0.547, 0.538, 0.54, 0.545, 0.547, 0.544, 0.541, 0.544, 0.539, 0.548, 0.553, 0.555, 0.551, 0.55, 0.55, 0.55, 0.55, 0.553, 0.545, 0.556, 0.552, 0.551, 0.556, 0.561, 0.556, 
9:l[784, 250]_r[784, 50]_t1000:0.86, 0.747, 0.741, 0.737, 0.714, 0.716, 0.697, 0.691, 0.697, 0.674, 0.684, 0.675, 0.65, 0.664, 0.652, 0.641, 0.64, 0.647, 0.628, 0.632, 0.639, 0.624, 0.637, 0.647, 0.613, 0.627, 0.646, 0.639, 0.657, 0.657, 0.628, 
9:l[784, 500]_r[784, 50]_t1000:0.87, 0.796, 0.791, 0.774, 0.745, 0.74, 0.742, 0.714, 0.727, 0.718, 0.709, 0.714, 0.718, 0.702, 0.7, 0.707, 0.696, 0.694, 0.685, 0.703, 0.692, 0.692, 0.708, 0.702, 0.708, 0.702, 0.718, 0.702, 0.725, 0.727, 0.716, 
