0:[1568, 100, 100]:0.759, 0.554, 0.511, 0.616, 0.591, 0.635, 0.592, 0.618, 0.586, 0.624, 0.585, 
0:[1568, 250, 250]:0.85, 0.664, 0.61, 0.701, 0.65, 0.736, 0.673, 0.736, 0.654, 0.71, 0.648, 
0:[1568, 500, 500]:0.881, 0.701, 0.605, 0.764, 0.659, 0.795, 0.677, 0.786, 0.698, 0.786, 0.694, 
0:[1568, 100, 200]:0.832, 0.551, 0.522, 0.614, 0.557, 0.658, 0.584, 0.688, 0.606, 0.708, 0.628, 
0:[1568, 250, 500]:0.874, 0.627, 0.573, 0.739, 0.656, 0.756, 0.682, 0.761, 0.686, 0.769, 0.699, 
0:[1568, 500, 1000]:0.844, 0.617, 0.541, 0.704, 0.612, 0.729, 0.619, 0.739, 0.658, 0.744, 0.632, 
0:[1568, 200, 100]:0.849, 0.634, 0.578, 0.725, 0.657, 0.75, 0.695, 0.767, 0.701, 0.747, 0.702, 
0:[1568, 500, 250]:0.837, 0.844, 0.832, 0.869, 0.826, 0.85, 0.832, 0.847, 0.834, 0.851, 0.818, 
0:[1568, 1000, 500]:0.821, 0.836, 0.798, 0.842, 0.809, 0.846, 0.809, 0.843, 0.779, 0.841, 0.77, 
1:[1568, 100, 100]:0.805, 0.677, 0.604, 0.679, 0.626, 0.72, 0.649, 0.742, 0.686, 0.758, 0.717, 
1:[1568, 250, 250]:0.835, 0.729, 0.687, 0.805, 0.722, 0.806, 0.744, 0.83, 0.758, 0.821, 0.763, 
1:[1568, 500, 500]:0.889, 0.786, 0.682, 0.803, 0.688, 0.839, 0.697, 0.842, 0.729, 0.832, 0.719, 
1:[1568, 100, 200]:0.837, 0.569, 0.526, 0.627, 0.585, 0.714, 0.651, 0.756, 0.712, 0.789, 0.712, 
1:[1568, 250, 500]:0.878, 0.653, 0.578, 0.716, 0.632, 0.768, 0.673, 0.782, 0.685, 0.806, 0.73, 
1:[1568, 500, 1000]:0.903, 0.622, 0.537, 0.647, 0.552, 0.705, 0.599, 0.748, 0.621, 0.76, 0.648, 
1:[1568, 200, 100]:0.858, 0.755, 0.663, 0.782, 0.734, 0.814, 0.764, 0.816, 0.761, 0.808, 0.758, 
1:[1568, 500, 250]:0.744, 0.838, 0.847, 0.85, 0.828, 0.855, 0.832, 0.854, 0.839, 0.852, 0.831, 
1:[1568, 1000, 500]:0.877, 0.859, 0.783, 0.876, 0.777, 0.852, 0.788, 0.859, 0.778, 0.859, 0.771, 
2:[1568, 100, 100]:0.755, 0.72, 0.668, 0.717, 0.674, 0.752, 0.723, 0.803, 0.748, 0.796, 0.762, 
2:[1568, 250, 250]:0.865, 0.789, 0.742, 0.829, 0.752, 0.844, 0.786, 0.836, 0.779, 0.839, 0.799, 
2:[1568, 500, 500]:0.781, 0.847, 0.743, 0.832, 0.721, 0.833, 0.74, 0.856, 0.748, 0.848, 0.762, 
2:[1568, 100, 200]:0.84, 0.601, 0.559, 0.64, 0.61, 0.688, 0.65, 0.713, 0.687, 0.725, 0.729, 
2:[1568, 250, 500]:0.883, 0.716, 0.613, 0.768, 0.67, 0.794, 0.722, 0.828, 0.752, 0.839, 0.737, 
2:[1568, 500, 1000]:0.852, 0.65, 0.541, 0.67, 0.571, 0.702, 0.607, 0.738, 0.637, 0.758, 0.645, 
2:[1568, 200, 100]:0.857, 0.801, 0.729, 0.82, 0.763, 0.823, 0.802, 0.834, 0.774, 0.819, 0.793, 
2:[1568, 500, 250]:0.689, 0.813, 0.835, 0.826, 0.859, 0.849, 0.851, 0.834, 0.846, 0.823, 0.842, 
2:[1568, 1000, 500]:0.758, 0.854, 0.82, 0.857, 0.789, 0.862, 0.784, 0.869, 0.794, 0.864, 0.773, 
3:[1568, 100, 100]:0.76, 0.763, 0.732, 0.804, 0.729, 0.771, 0.717, 0.776, 0.731, 0.787, 0.776, 
3:[1568, 250, 250]:0.798, 0.831, 0.785, 0.828, 0.802, 0.831, 0.813, 0.824, 0.81, 0.82, 0.806, 
3:[1568, 500, 500]:0.715, 0.876, 0.827, 0.868, 0.818, 0.867, 0.811, 0.877, 0.807, 0.876, 0.802, 
3:[1568, 100, 200]:0.773, 0.668, 0.626, 0.671, 0.636, 0.716, 0.68, 0.732, 0.695, 0.765, 0.745, 
3:[1568, 250, 500]:0.858, 0.747, 0.652, 0.768, 0.697, 0.809, 0.72, 0.811, 0.761, 0.817, 0.781, 
3:[1568, 500, 1000]:0.753, 0.708, 0.595, 0.7, 0.61, 0.713, 0.604, 0.72, 0.609, 0.747, 0.635, 
3:[1568, 200, 100]:0.858, 0.775, 0.696, 0.809, 0.729, 0.808, 0.737, 0.803, 0.76, 0.812, 0.753, 
3:[1568, 500, 250]:0.645, 0.776, 0.81, 0.8, 0.838, 0.81, 0.83, 0.834, 0.856, 0.849, 0.84, 
3:[1568, 1000, 500]:0.735, 0.846, 0.823, 0.854, 0.804, 0.852, 0.788, 0.873, 0.787, 0.85, 0.785, 
4:[1568, 100, 100]:0.733, 0.798, 0.766, 0.804, 0.775, 0.816, 0.779, 0.821, 0.781, 0.81, 0.775, 
4:[1568, 250, 250]:0.737, 0.829, 0.802, 0.815, 0.791, 0.827, 0.816, 0.822, 0.814, 0.835, 0.83, 
4:[1568, 500, 500]:0.636, 0.811, 0.796, 0.851, 0.827, 0.87, 0.814, 0.874, 0.815, 0.848, 0.813, 
4:[1568, 100, 200]:0.793, 0.725, 0.662, 0.748, 0.715, 0.774, 0.737, 0.78, 0.747, 0.797, 0.766, 
4:[1568, 250, 500]:0.771, 0.824, 0.748, 0.842, 0.78, 0.84, 0.809, 0.82, 0.786, 0.828, 0.804, 
4:[1568, 500, 1000]:0.647, 0.829, 0.694, 0.795, 0.665, 0.805, 0.685, 0.813, 0.691, 0.812, 0.716, 
4:[1568, 200, 100]:0.817, 0.808, 0.749, 0.791, 0.725, 0.816, 0.775, 0.813, 0.764, 0.83, 0.783, 
4:[1568, 500, 250]:0.572, 0.705, 0.754, 0.744, 0.778, 0.765, 0.817, 0.775, 0.808, 0.792, 0.785, 
4:[1568, 1000, 500]:0.712, 0.841, 0.84, 0.851, 0.816, 0.866, 0.791, 0.844, 0.793, 0.848, 0.782, 
5:[1568, 100, 100]:0.72, 0.772, 0.721, 0.751, 0.725, 0.751, 0.733, 0.769, 0.736, 0.771, 0.73, 
5:[1568, 250, 250]:0.753, 0.805, 0.807, 0.815, 0.801, 0.806, 0.818, 0.8, 0.811, 0.803, 0.798, 
5:[1568, 500, 500]:0.608, 0.796, 0.811, 0.816, 0.827, 0.827, 0.818, 0.865, 0.844, 0.838, 0.813, 
5:[1568, 100, 200]:0.727, 0.726, 0.664, 0.738, 0.711, 0.779, 0.748, 0.769, 0.746, 0.763, 0.758, 
5:[1568, 250, 500]:0.734, 0.832, 0.794, 0.836, 0.815, 0.806, 0.816, 0.819, 0.808, 0.829, 0.802, 
5:[1568, 500, 1000]:0.67, 0.801, 0.679, 0.785, 0.649, 0.786, 0.669, 0.81, 0.735, 0.824, 0.731, 
5:[1568, 200, 100]:0.821, 0.807, 0.722, 0.786, 0.743, 0.809, 0.734, 0.817, 0.767, 0.814, 0.773, 
5:[1568, 500, 250]:0.554, 0.713, 0.756, 0.732, 0.783, 0.761, 0.816, 0.796, 0.797, 0.772, 0.814, 
5:[1568, 1000, 500]:0.658, 0.838, 0.827, 0.85, 0.81, 0.846, 0.771, 0.861, 0.774, 0.847, 0.793, 
6:[1568, 100, 100]:0.691, 0.782, 0.715, 0.774, 0.737, 0.755, 0.736, 0.748, 0.71, 0.754, 0.728, 
6:[1568, 250, 250]:0.681, 0.815, 0.818, 0.804, 0.816, 0.795, 0.808, 0.8, 0.804, 0.78, 0.803, 
6:[1568, 500, 500]:0.564, 0.773, 0.766, 0.795, 0.803, 0.786, 0.816, 0.825, 0.802, 0.832, 0.815, 
6:[1568, 100, 200]:0.758, 0.717, 0.71, 0.758, 0.718, 0.762, 0.738, 0.738, 0.743, 0.776, 0.748, 
6:[1568, 250, 500]:0.702, 0.815, 0.819, 0.825, 0.809, 0.818, 0.814, 0.802, 0.779, 0.799, 0.793, 
6:[1568, 500, 1000]:0.569, 0.844, 0.761, 0.841, 0.751, 0.853, 0.757, 0.838, 0.765, 0.85, 0.771, 
6:[1568, 200, 100]:0.813, 0.78, 0.729, 0.775, 0.694, 0.774, 0.715, 0.808, 0.732, 0.824, 0.78, 
6:[1568, 500, 250]:0.56, 0.719, 0.738, 0.728, 0.758, 0.75, 0.801, 0.793, 0.804, 0.787, 0.809, 
6:[1568, 1000, 500]:0.636, 0.825, 0.838, 0.864, 0.799, 0.863, 0.776, 0.857, 0.771, 0.856, 0.783, 
7:[1568, 100, 100]:0.732, 0.766, 0.733, 0.743, 0.724, 0.72, 0.718, 0.761, 0.726, 0.734, 0.719, 
7:[1568, 250, 250]:0.665, 0.796, 0.815, 0.789, 0.808, 0.773, 0.82, 0.752, 0.787, 0.754, 0.792, 
7:[1568, 500, 500]:0.546, 0.755, 0.764, 0.786, 0.779, 0.792, 0.814, 0.807, 0.798, 0.824, 0.814, 
7:[1568, 100, 200]:0.716, 0.74, 0.692, 0.733, 0.698, 0.701, 0.692, 0.755, 0.683, 0.738, 0.694, 
7:[1568, 250, 500]:0.687, 0.824, 0.804, 0.817, 0.807, 0.808, 0.802, 0.821, 0.797, 0.79, 0.803, 
7:[1568, 500, 1000]:0.571, 0.762, 0.736, 0.789, 0.747, 0.802, 0.77, 0.83, 0.778, 0.831, 0.78, 
7:[1568, 200, 100]:0.776, 0.841, 0.79, 0.842, 0.788, 0.853, 0.782, 0.852, 0.795, 0.849, 0.807, 
7:[1568, 500, 250]:0.573, 0.744, 0.801, 0.771, 0.804, 0.8, 0.813, 0.82, 0.84, 0.822, 0.831, 
7:[1568, 1000, 500]:0.599, 0.81, 0.829, 0.838, 0.794, 0.858, 0.794, 0.854, 0.787, 0.833, 0.79, 
8:[1568, 100, 100]:0.628, 0.781, 0.765, 0.754, 0.745, 0.763, 0.7, 0.752, 0.718, 0.737, 0.725, 
8:[1568, 250, 250]:0.625, 0.734, 0.762, 0.742, 0.757, 0.731, 0.745, 0.719, 0.758, 0.716, 0.74, 
8:[1568, 500, 500]:0.548, 0.738, 0.781, 0.767, 0.787, 0.776, 0.796, 0.779, 0.816, 0.795, 0.806, 
8:[1568, 100, 200]:0.73, 0.75, 0.702, 0.743, 0.723, 0.753, 0.73, 0.738, 0.699, 0.72, 0.702, 
8:[1568, 250, 500]:0.656, 0.806, 0.798, 0.827, 0.813, 0.797, 0.794, 0.792, 0.775, 0.773, 0.78, 
8:[1568, 500, 1000]:0.552, 0.821, 0.768, 0.82, 0.769, 0.828, 0.78, 0.83, 0.785, 0.825, 0.794, 
8:[1568, 200, 100]:0.759, 0.859, 0.791, 0.822, 0.774, 0.84, 0.79, 0.838, 0.8, 0.853, 0.794, 
8:[1568, 500, 250]:0.535, 0.658, 0.732, 0.707, 0.759, 0.744, 0.783, 0.759, 0.791, 0.755, 0.807, 
8:[1568, 1000, 500]:0.617, 0.811, 0.831, 0.855, 0.806, 0.84, 0.781, 0.861, 0.788, 0.842, 0.768, 
9:[1568, 100, 100]:0.707, 0.793, 0.771, 0.769, 0.752, 0.759, 0.744, 0.755, 0.737, 0.76, 0.732, 
9:[1568, 250, 250]:0.603, 0.719, 0.751, 0.691, 0.741, 0.71, 0.751, 0.683, 0.741, 0.7, 0.744, 
9:[1568, 500, 500]:0.541, 0.686, 0.705, 0.719, 0.757, 0.752, 0.783, 0.771, 0.783, 0.772, 0.797, 
9:[1568, 100, 200]:0.716, 0.743, 0.721, 0.776, 0.757, 0.769, 0.731, 0.768, 0.741, 0.759, 0.753, 
9:[1568, 250, 500]:0.614, 0.757, 0.781, 0.739, 0.762, 0.735, 0.754, 0.736, 0.738, 0.725, 0.765, 
9:[1568, 500, 1000]:0.533, 0.805, 0.756, 0.824, 0.767, 0.823, 0.779, 0.824, 0.8, 0.824, 0.784, 
9:[1568, 200, 100]:0.752, 0.849, 0.808, 0.843, 0.785, 0.851, 0.789, 0.863, 0.808, 0.846, 0.8, 
9:[1568, 500, 250]:0.534, 0.678, 0.717, 0.72, 0.742, 0.719, 0.774, 0.733, 0.785, 0.755, 0.788, 
9:[1568, 1000, 500]:0.653, 0.816, 0.806, 0.856, 0.786, 0.848, 0.782, 0.857, 0.789, 0.847, 0.775, 
